{
  "filename_root": "chart_023",
  "chart_type": "volume3d",
  "title": "3D Volume - Gaussian Blob",
  "xlabel": "X",
  "ylabel": "Y",
  "data": {
    "volume": [
      [
        [
          0.0024787521766663585,
          0.006601831534200489,
          0.01268484964755707,
          0.01758311299380472,
          0.01758311299380472,
          0.01268484964755707,
          0.006601831534200489,
          0.0024787521766663585
        ],
        [
          0.006601831534200489,
          0.01758311299380472,
          0.03378443444171148,
          0.0468303168524196,
          0.0468303168524196,
          0.033784434441711496,
          0.01758311299380472,
          0.006601831534200489
        ],
        [
          0.01268484964755707,
          0.03378443444171148,
          0.06491387565719794,
          0.08998041303281165,
          0.08998041303281165,
          0.06491387565719797,
          0.03378443444171148,
          0.01268484964755707
        ],
        [
          0.01758311299380472,
          0.046830316852419576,
          0.08998041303281165,
          0.12472641091885889,
          0.12472641091885889,
          0.08998041303281169,
          0.0468303168524196,
          0.01758311299380472
        ],
        [
          0.01758311299380472,
          0.046830316852419576,
          0.08998041303281165,
          0.12472641091885889,
          0.12472641091885889,
          0.08998041303281169,
          0.0468303168524196,
          0.01758311299380472
        ],
        [
          0.01268484964755707,
          0.03378443444171148,
          0.06491387565719797,
          0.08998041303281169,
          0.08998041303281169,
          0.064913875657198,
          0.033784434441711496,
          0.01268484964755707
        ],
        [
          0.006601831534200489,
          0.01758311299380472,
          0.03378443444171148,
          0.0468303168524196,
          0.0468303168524196,
          0.033784434441711496,
          0.01758311299380472,
          0.006601831534200489
        ],
        [
          0.0024787521766663585,
          0.006601831534200489,
          0.01268484964755707,
          0.01758311299380472,
          0.01758311299380472,
          0.01268484964755707,
          0.006601831534200489,
          0.0024787521766663585
        ]
      ],
      [
        [
          0.006601831534200489,
          0.01758311299380472,
          0.03378443444171148,
          0.0468303168524196,
          0.0468303168524196,
          0.033784434441711496,
          0.01758311299380472,
          0.006601831534200489
        ],
        [
          0.01758311299380472,
          0.046830316852419576,
          0.08998041303281165,
          0.12472641091885889,
          0.12472641091885889,
          0.08998041303281169,
          0.0468303168524196,
          0.01758311299380472
        ],
        [
          0.03378443444171147,
          0.08998041303281162,
          0.172889599595717,
          0.23965103644177574,
          0.23965103644177574,
          0.17288959959571704,
          0.08998041303281165,
          0.03378443444171147
        ],
        [
          0.046830316852419576,
          0.12472641091885889,
          0.23965103644177574,
          0.3321924476771136,
          0.3321924476771136,
          0.23965103644177585,
          0.12472641091885889,
          0.046830316852419576
        ],
        [
          0.046830316852419576,
          0.12472641091885889,
          0.23965103644177574,
          0.3321924476771136,
          0.3321924476771136,
          0.23965103644177585,
          0.12472641091885889,
          0.046830316852419576
        ],
        [
          0.03378443444171148,
          0.08998041303281169,
          0.17288959959571706,
          0.23965103644177585,
          0.23965103644177585,
          0.17288959959571712,
          0.08998041303281169,
          0.03378443444171148
        ],
        [
          0.01758311299380472,
          0.04683031685241962,
          0.08998041303281169,
          0.12472641091885894,
          0.12472641091885894,
          0.08998041303281173,
          0.04683031685241962,
          0.01758311299380472
        ],
        [
          0.006601831534200489,
          0.01758311299380472,
          0.03378443444171148,
          0.0468303168524196,
          0.0468303168524196,
          0.033784434441711496,
          0.01758311299380472,
          0.006601831534200489
        ]
      ],
      [
        [
          0.01268484964755707,
          0.03378443444171148,
          0.06491387565719794,
          0.08998041303281165,
          0.08998041303281165,
          0.06491387565719797,
          0.03378443444171148,
          0.01268484964755707
        ],
        [
          0.03378443444171147,
          0.08998041303281162,
          0.172889599595717,
          0.23965103644177574,
          0.23965103644177574,
          0.17288959959571704,
          0.08998041303281165,
          0.03378443444171147
        ],
        [
          0.06491387565719794,
          0.172889599595717,
          0.3321924476771135,
          0.46046878800176716,
          0.4604687880017672,
          0.33219244767711364,
          0.17288959959571704,
          0.06491387565719794
        ],
        [
          0.08998041303281165,
          0.23965103644177574,
          0.46046878800176716,
          0.6382791246654351,
          0.6382791246654352,
          0.4604687880017674,
          0.23965103644177585,
          0.08998041303281165
        ],
        [
          0.08998041303281165,
          0.2396510364417758,
          0.4604687880017672,
          0.6382791246654352,
          0.6382791246654353,
          0.4604687880017674,
          0.23965103644177585,
          0.08998041303281165
        ],
        [
          0.06491387565719794,
          0.17288959959571706,
          0.33219244767711364,
          0.4604687880017674,
          0.46046878800176744,
          0.3321924476771138,
          0.17288959959571712,
          0.06491387565719794
        ],
        [
          0.03378443444171148,
          0.08998041303281169,
          0.17288959959571706,
          0.23965103644177585,
          0.23965103644177585,
          0.17288959959571712,
          0.08998041303281169,
          0.03378443444171148
        ],
        [
          0.01268484964755707,
          0.03378443444171148,
          0.06491387565719794,
          0.08998041303281165,
          0.08998041303281165,
          0.06491387565719797,
          0.03378443444171148,
          0.01268484964755707
        ]
      ],
      [
        [
          0.01758311299380472,
          0.046830316852419576,
          0.08998041303281165,
          0.12472641091885889,
          0.12472641091885889,
          0.08998041303281169,
          0.0468303168524196,
          0.01758311299380472
        ],
        [
          0.046830316852419576,
          0.12472641091885889,
          0.23965103644177574,
          0.3321924476771136,
          0.3321924476771136,
          0.23965103644177585,
          0.12472641091885889,
          0.046830316852419576
        ],
        [
          0.08998041303281165,
          0.23965103644177574,
          0.46046878800176716,
          0.6382791246654351,
          0.6382791246654352,
          0.4604687880017674,
          0.23965103644177585,
          0.08998041303281165
        ],
        [
          0.12472641091885889,
          0.3321924476771136,
          0.6382791246654352,
          0.8847510441513587,
          0.8847510441513589,
          0.6382791246654355,
          0.33219244767711364,
          0.12472641091885889
        ],
        [
          0.12472641091885889,
          0.33219244767711364,
          0.6382791246654352,
          0.8847510441513589,
          0.8847510441513589,
          0.6382791246654355,
          0.33219244767711364,
          0.12472641091885889
        ],
        [
          0.08998041303281169,
          0.23965103644177585,
          0.4604687880017674,
          0.6382791246654355,
          0.6382791246654355,
          0.46046878800176755,
          0.2396510364417759,
          0.08998041303281169
        ],
        [
          0.0468303168524196,
          0.12472641091885889,
          0.23965103644177585,
          0.33219244767711364,
          0.33219244767711364,
          0.2396510364417759,
          0.12472641091885894,
          0.0468303168524196
        ],
        [
          0.01758311299380472,
          0.046830316852419576,
          0.08998041303281165,
          0.12472641091885889,
          0.12472641091885889,
          0.08998041303281169,
          0.0468303168524196,
          0.01758311299380472
        ]
      ],
      [
        [
          0.01758311299380472,
          0.046830316852419576,
          0.08998041303281165,
          0.12472641091885889,
          0.12472641091885889,
          0.08998041303281169,
          0.0468303168524196,
          0.01758311299380472
        ],
        [
          0.046830316852419576,
          0.12472641091885889,
          0.23965103644177574,
          0.3321924476771136,
          0.3321924476771136,
          0.23965103644177585,
          0.12472641091885889,
          0.046830316852419576
        ],
        [
          0.08998041303281165,
          0.2396510364417758,
          0.4604687880017672,
          0.6382791246654352,
          0.6382791246654353,
          0.4604687880017674,
          0.23965103644177585,
          0.08998041303281165
        ],
        [
          0.12472641091885889,
          0.33219244767711364,
          0.6382791246654352,
          0.8847510441513589,
          0.8847510441513589,
          0.6382791246654355,
          0.33219244767711364,
          0.12472641091885889
        ],
        [
          0.12472641091885889,
          0.33219244767711364,
          0.6382791246654352,
          0.8847510441513589,
          0.884751044151359,
          0.6382791246654356,
          0.3321924476771137,
          0.12472641091885889
        ],
        [
          0.08998041303281169,
          0.23965103644177585,
          0.4604687880017674,
          0.6382791246654355,
          0.6382791246654356,
          0.4604687880017676,
          0.23965103644177593,
          0.08998041303281169
        ],
        [
          0.0468303168524196,
          0.12472641091885889,
          0.23965103644177585,
          0.33219244767711364,
          0.33219244767711364,
          0.2396510364417759,
          0.12472641091885894,
          0.0468303168524196
        ],
        [
          0.01758311299380472,
          0.046830316852419576,
          0.08998041303281165,
          0.12472641091885889,
          0.12472641091885889,
          0.08998041303281169,
          0.0468303168524196,
          0.01758311299380472
        ]
      ],
      [
        [
          0.01268484964755707,
          0.03378443444171148,
          0.06491387565719797,
          0.08998041303281169,
          0.08998041303281169,
          0.064913875657198,
          0.033784434441711496,
          0.01268484964755707
        ],
        [
          0.03378443444171148,
          0.08998041303281169,
          0.17288959959571706,
          0.23965103644177585,
          0.23965103644177585,
          0.17288959959571712,
          0.08998041303281169,
          0.03378443444171148
        ],
        [
          0.06491387565719794,
          0.17288959959571706,
          0.33219244767711364,
          0.4604687880017674,
          0.46046878800176744,
          0.3321924476771138,
          0.17288959959571712,
          0.06491387565719794
        ],
        [
          0.08998041303281169,
          0.23965103644177585,
          0.4604687880017674,
          0.6382791246654355,
          0.6382791246654355,
          0.46046878800176755,
          0.2396510364417759,
          0.08998041303281169
        ],
        [
          0.08998041303281169,
          0.23965103644177585,
          0.4604687880017674,
          0.6382791246654355,
          0.6382791246654356,
          0.4604687880017676,
          0.23965103644177593,
          0.08998041303281169
        ],
        [
          0.06491387565719797,
          0.17288959959571715,
          0.3321924476771138,
          0.46046878800176755,
          0.4604687880017676,
          0.3321924476771139,
          0.17288959959571715,
          0.06491387565719797
        ],
        [
          0.03378443444171148,
          0.08998041303281169,
          0.17288959959571706,
          0.2396510364417759,
          0.2396510364417759,
          0.17288959959571715,
          0.08998041303281169,
          0.03378443444171148
        ],
        [
          0.01268484964755707,
          0.03378443444171148,
          0.06491387565719797,
          0.08998041303281169,
          0.08998041303281169,
          0.064913875657198,
          0.033784434441711496,
          0.01268484964755707
        ]
      ],
      [
        [
          0.006601831534200489,
          0.01758311299380472,
          0.03378443444171148,
          0.0468303168524196,
          0.0468303168524196,
          0.033784434441711496,
          0.01758311299380472,
          0.006601831534200489
        ],
        [
          0.01758311299380472,
          0.04683031685241962,
          0.08998041303281169,
          0.12472641091885894,
          0.12472641091885894,
          0.08998041303281173,
          0.04683031685241962,
          0.01758311299380472
        ],
        [
          0.03378443444171148,
          0.08998041303281169,
          0.17288959959571706,
          0.23965103644177585,
          0.23965103644177585,
          0.17288959959571712,
          0.08998041303281169,
          0.03378443444171148
        ],
        [
          0.0468303168524196,
          0.12472641091885889,
          0.23965103644177585,
          0.33219244767711364,
          0.33219244767711364,
          0.2396510364417759,
          0.12472641091885894,
          0.0468303168524196
        ],
        [
          0.0468303168524196,
          0.12472641091885889,
          0.23965103644177585,
          0.33219244767711364,
          0.33219244767711364,
          0.2396510364417759,
          0.12472641091885894,
          0.0468303168524196
        ],
        [
          0.03378443444171148,
          0.08998041303281169,
          0.17288959959571706,
          0.2396510364417759,
          0.2396510364417759,
          0.17288959959571715,
          0.08998041303281169,
          0.03378443444171148
        ],
        [
          0.01758311299380472,
          0.04683031685241962,
          0.08998041303281169,
          0.12472641091885894,
          0.12472641091885894,
          0.08998041303281173,
          0.04683031685241962,
          0.01758311299380472
        ],
        [
          0.006601831534200489,
          0.01758311299380472,
          0.03378443444171148,
          0.0468303168524196,
          0.0468303168524196,
          0.033784434441711496,
          0.01758311299380472,
          0.006601831534200489
        ]
      ],
      [
        [
          0.0024787521766663585,
          0.006601831534200489,
          0.01268484964755707,
          0.01758311299380472,
          0.01758311299380472,
          0.01268484964755707,
          0.006601831534200489,
          0.0024787521766663585
        ],
        [
          0.006601831534200489,
          0.01758311299380472,
          0.03378443444171148,
          0.0468303168524196,
          0.0468303168524196,
          0.033784434441711496,
          0.01758311299380472,
          0.006601831534200489
        ],
        [
          0.01268484964755707,
          0.03378443444171148,
          0.06491387565719794,
          0.08998041303281165,
          0.08998041303281165,
          0.06491387565719797,
          0.03378443444171148,
          0.01268484964755707
        ],
        [
          0.01758311299380472,
          0.046830316852419576,
          0.08998041303281165,
          0.12472641091885889,
          0.12472641091885889,
          0.08998041303281169,
          0.0468303168524196,
          0.01758311299380472
        ],
        [
          0.01758311299380472,
          0.046830316852419576,
          0.08998041303281165,
          0.12472641091885889,
          0.12472641091885889,
          0.08998041303281169,
          0.0468303168524196,
          0.01758311299380472
        ],
        [
          0.01268484964755707,
          0.03378443444171148,
          0.06491387565719797,
          0.08998041303281169,
          0.08998041303281169,
          0.064913875657198,
          0.033784434441711496,
          0.01268484964755707
        ],
        [
          0.006601831534200489,
          0.01758311299380472,
          0.03378443444171148,
          0.0468303168524196,
          0.0468303168524196,
          0.033784434441711496,
          0.01758311299380472,
          0.006601831534200489
        ],
        [
          0.0024787521766663585,
          0.006601831534200489,
          0.01268484964755707,
          0.01758311299380472,
          0.01758311299380472,
          0.01268484964755707,
          0.006601831534200489,
          0.0024787521766663585
        ]
      ]
    ],
    "threshold": 0.5
  },
  "generated_at": "2025-12-01T15:17:49.458162",
  "png_file": "chart_023.png",
  "metadata": {
    "generated": "random",
    "volume_type": "gaussian"
  }
}