{
  "filename_root": "chart_014",
  "chart_type": "surface3d",
  "title": "Ripple Effect Surface",
  "xlabel": "X Axis",
  "ylabel": "Y Axis",
  "data": {
    "x": [
      -5.0,
      -4.743589743589744,
      -4.487179487179487,
      -4.230769230769231,
      -3.9743589743589745,
      -3.717948717948718,
      -3.4615384615384617,
      -3.2051282051282053,
      -2.948717948717949,
      -2.6923076923076925,
      -2.435897435897436,
      -2.1794871794871797,
      -1.9230769230769234,
      -1.666666666666667,
      -1.4102564102564106,
      -1.1538461538461542,
      -0.8974358974358978,
      -0.6410256410256414,
      -0.384615384615385,
      -0.12820512820512864,
      0.12820512820512775,
      0.38461538461538414,
      0.6410256410256405,
      0.8974358974358969,
      1.1538461538461533,
      1.4102564102564097,
      1.666666666666666,
      1.9230769230769225,
      2.179487179487179,
      2.4358974358974352,
      2.6923076923076916,
      2.948717948717948,
      3.2051282051282044,
      3.46153846153846,
      3.717948717948717,
      3.9743589743589745,
      4.23076923076923,
      4.4871794871794854,
      4.743589743589743,
      5.0
    ],
    "y": [
      -5.0,
      -4.743589743589744,
      -4.487179487179487,
      -4.230769230769231,
      -3.9743589743589745,
      -3.717948717948718,
      -3.4615384615384617,
      -3.2051282051282053,
      -2.948717948717949,
      -2.6923076923076925,
      -2.435897435897436,
      -2.1794871794871797,
      -1.9230769230769234,
      -1.666666666666667,
      -1.4102564102564106,
      -1.1538461538461542,
      -0.8974358974358978,
      -0.6410256410256414,
      -0.384615384615385,
      -0.12820512820512864,
      0.12820512820512775,
      0.38461538461538414,
      0.6410256410256405,
      0.8974358974358969,
      1.1538461538461533,
      1.4102564102564097,
      1.666666666666666,
      1.9230769230769225,
      2.179487179487179,
      2.4358974358974352,
      2.6923076923076916,
      2.948717948717948,
      3.2051282051282044,
      3.46153846153846,
      3.717948717948717,
      3.9743589743589745,
      4.23076923076923,
      4.4871794871794854,
      4.743589743589743,
      5.0
    ],
    "z": [
      [
        0.10109763521469513,
        0.08405896333148079,
        0.06398540837437239,
        0.04162740605132039,
        0.017774517222465046,
        -0.0067860687745370735,
        -0.031308046539311976,
        -0.05511932994509993,
        -0.07764842147478022,
        -0.09844253469433452,
        -0.11717676723657143,
        -0.1336542319994655,
        -0.1477976569503814,
        -0.15963352008615117,
        -0.16927026015608887,
        -0.1768724656833933,
        -0.18263317202331747,
        -0.18674647492880306,
        -0.18938259533488597,
        -0.19066730979354934,
        -0.19066730979354934,
        -0.18938259533488597,
        -0.18674647492880306,
        -0.18263317202331747,
        -0.1768724656833933,
        -0.16927026015608887,
        -0.15963352008615117,
        -0.14779765695038155,
        -0.1336542319994655,
        -0.11717676723657157,
        -0.09844253469433466,
        -0.07764842147478036,
        -0.05511932994510008,
        -0.03130804653931213,
        -0.006786068774537216,
        0.017774517222465046,
        0.04162740605132039,
        0.06398540837437217,
        0.08405896333148079,
        0.10109763521469513
      ],
      [
        0.08405896333148079,
        0.06275994346231009,
        0.038789410819300395,
        0.013022188003929637,
        -0.013650632718917616,
        -0.04036794113148337,
        -0.06634052695736986,
        -0.09088628941487822,
        -0.11345684506673032,
        -0.1336542319994655,
        -0.15123707168830128,
        -0.16611624263426739,
        -0.17834079793559904,
        -0.188075479509587,
        -0.1955717057069638,
        -0.20113430381953115,
        -0.20508650002501663,
        -0.20773575200332864,
        -0.20934290990046772,
        -0.21009692664744986,
        -0.21009692664744986,
        -0.20934290990046772,
        -0.20773575200332864,
        -0.20508650002501663,
        -0.20113430381953115,
        -0.1955717057069639,
        -0.188075479509587,
        -0.17834079793559904,
        -0.16611624263426752,
        -0.1512370716883014,
        -0.13365423199946563,
        -0.11345684506673032,
        -0.09088628941487822,
        -0.06634052695736986,
        -0.04036794113148337,
        -0.013650632718917616,
        0.013022188003929498,
        0.03878941081930026,
        0.06275994346230998,
        0.08405896333148079
      ],
      [
        0.06398540837437239,
        0.038789410819300395,
        0.011419578869642354,
        -0.017127624140477107,
        -0.045866360445648555,
        -0.07387236618758303,
        -0.10032808381192845,
        -0.12455942610005433,
        -0.1460621823577775,
        -0.16451675626454482,
        -0.17979067712740587,
        -0.19192910469913776,
        -0.20113430381953107,
        -0.20773575200332858,
        -0.21215311824017924,
        -0.214854779215188,
        -0.21631479358864444,
        -0.216971320345221,
        -0.21718933974946145,
        -0.21723022341688186,
        -0.21723022341688186,
        -0.21718933974946145,
        -0.216971320345221,
        -0.21631479358864444,
        -0.214854779215188,
        -0.21215311824017924,
        -0.20773575200332864,
        -0.20113430381953115,
        -0.19192910469913785,
        -0.17979067712740587,
        -0.16451675626454493,
        -0.1460621823577776,
        -0.12455942610005447,
        -0.10032808381192859,
        -0.07387236618758318,
        -0.045866360445648555,
        -0.017127624140477252,
        0.011419578869642079,
        0.038789410819300395,
        0.06398540837437239
      ],
      [
        0.04162740605132039,
        0.013022188003929637,
        -0.017127624140477107,
        -0.0477085452613854,
        -0.07764842147478022,
        -0.10597196850671016,
        -0.13184889311302153,
        -0.15463187245346205,
        -0.1738823148420988,
        -0.18938259533488597,
        -0.20113430381953115,
        -0.20934290990046767,
        -0.21439008494682973,
        -0.21679567619009185,
        -0.21717195475204543,
        -0.21617322075634257,
        -0.21444411606105576,
        -0.21257005218228386,
        -0.21103300393052082,
        -0.21017555751603262,
        -0.21017555751603262,
        -0.21103300393052082,
        -0.21257005218228386,
        -0.21444411606105576,
        -0.21617322075634257,
        -0.21717195475204543,
        -0.21679567619009188,
        -0.21439008494682973,
        -0.20934290990046772,
        -0.20113430381953115,
        -0.18938259533488597,
        -0.1738823148420989,
        -0.15463187245346216,
        -0.1318488931130218,
        -0.10597196850671016,
        -0.07764842147478022,
        -0.0477085452613854,
        -0.017127624140477252,
        0.013022188003929498,
        0.04162740605132039
      ],
      [
        0.017774517222465046,
        -0.013650632718917616,
        -0.045866360445648555,
        -0.07764842147478022,
        -0.10784807892912766,
        -0.1354520812504952,
        -0.15963352008615117,
        -0.17979067712740576,
        -0.1955717057069638,
        -0.20688385664935563,
        -0.2138868961963096,
        -0.216971320345221,
        -0.2167228871625996,
        -0.21387581149634025,
        -0.20925764561625768,
        -0.20372936382042187,
        -0.19812444900202866,
        -0.19319082720644618,
        -0.1895393085632419,
        -0.1876017799044749,
        -0.18760177990447485,
        -0.1895393085632419,
        -0.19319082720644618,
        -0.19812444900202866,
        -0.20372936382042187,
        -0.2092576456162576,
        -0.21387581149634022,
        -0.2167228871625996,
        -0.216971320345221,
        -0.2138868961963096,
        -0.20688385664935569,
        -0.1955717057069638,
        -0.17979067712740587,
        -0.15963352008615128,
        -0.13545208125049532,
        -0.10784807892912766,
        -0.07764842147478036,
        -0.0458663604456487,
        -0.013650632718917761,
        0.017774517222465046
      ],
      [
        -0.0067860687745370735,
        -0.04036794113148337,
        -0.07387236618758303,
        -0.10597196850671016,
        -0.1354520812504952,
        -0.1612749733125365,
        -0.18263317202331747,
        -0.19898883179662877,
        -0.21009692664744983,
        -0.2160110034732512,
        -0.217071266632332,
        -0.21387581149634025,
        -0.20723682333114565,
        -0.19812444900202866,
        -0.18760177990447485,
        -0.1767549118664739,
        -0.16662233997072992,
        -0.1581279850998228,
        -0.15202193062198485,
        -0.14883248281442465,
        -0.14883248281442465,
        -0.15202193062198485,
        -0.1581279850998228,
        -0.16662233997072992,
        -0.17675491186647385,
        -0.18760177990447485,
        -0.19812444900202866,
        -0.20723682333114565,
        -0.21387581149634022,
        -0.217071266632332,
        -0.21601100347325122,
        -0.21009692664744986,
        -0.19898883179662885,
        -0.18263317202331758,
        -0.16127497331253662,
        -0.1354520812504952,
        -0.10597196850671016,
        -0.07387236618758347,
        -0.04036794113148337,
        -0.0067860687745370735
      ],
      [
        -0.031308046539311976,
        -0.06634052695736986,
        -0.10032808381192845,
        -0.13184889311302153,
        -0.15963352008615117,
        -0.18263317202331747,
        -0.20007520327030892,
        -0.21150267308221427,
        -0.21679567619009185,
        -0.2161732207563426,
        -0.21017555751603267,
        -0.1996280014102316,
        -0.1855883665030351,
        -0.16928109346928158,
        -0.15202193062198485,
        -0.1351375887855905,
        -0.11988509442426329,
        -0.10737559549543939,
        -0.09850712642932045,
        -0.09391032326772551,
        -0.0939103232677254,
        -0.09850712642932033,
        -0.10737559549543939,
        -0.11988509442426319,
        -0.13513758878559043,
        -0.15202193062198485,
        -0.1692810934692815,
        -0.18558836650303503,
        -0.19962800141023151,
        -0.21017555751603262,
        -0.21617322075634257,
        -0.21679567619009188,
        -0.2115026730822143,
        -0.20007520327030898,
        -0.18263317202331747,
        -0.15963352008615117,
        -0.13184889311302164,
        -0.10032808381192874,
        -0.06634052695736986,
        -0.031308046539311976
      ],
      [
        -0.05511932994509993,
        -0.09088628941487822,
        -0.12455942610005433,
        -0.15463187245346205,
        -0.17979067712740576,
        -0.19898883179662877,
        -0.21150267308221427,
        -0.216971320345221,
        -0.2154158207608834,
        -0.20723682333114565,
        -0.19319082720644618,
        -0.17434627627454405,
        -0.15202193062198494,
        -0.12771096942049676,
        -0.10299511031610972,
        -0.07945362017167265,
        -0.058572407420328966,
        -0.04165840850037315,
        -0.029764205755659866,
        -0.023627251959178124,
        -0.023627251959178124,
        -0.029764205755659866,
        -0.04165840850037302,
        -0.058572407420328966,
        -0.07945362017167253,
        -0.10299511031610963,
        -0.12771096942049665,
        -0.15202193062198485,
        -0.17434627627454397,
        -0.19319082720644618,
        -0.20723682333114565,
        -0.21541582076088334,
        -0.21697132034522099,
        -0.21150267308221435,
        -0.19898883179662877,
        -0.17979067712740576,
        -0.15463187245346216,
        -0.1245594261000546,
        -0.09088628941487822,
        -0.05511932994509993
      ],
      [
        -0.07764842147478022,
        -0.11345684506673032,
        -0.1460621823577775,
        -0.1738823148420988,
        -0.1955717057069638,
        -0.21009692664744983,
        -0.21679567619009185,
        -0.2154158207608834,
        -0.20613209082426404,
        -0.1895393085632419,
        -0.16662233997072992,
        -0.13870427761224538,
        -0.10737559549543939,
        -0.0744081039252797,
        -0.04165840850037302,
        -0.010966194882226337,
        0.015947013739382634,
        0.03757296402291365,
        0.052700279639985574,
        0.06048180465993914,
        0.0604818046599393,
        0.05270027963998572,
        0.0375729640229138,
        0.015947013739382634,
        -0.0109661948822262,
        -0.04165840850037289,
        -0.07440810392527959,
        -0.10737559549543929,
        -0.13870427761224527,
        -0.16662233997072984,
        -0.1895393085632418,
        -0.20613209082426398,
        -0.21541582076088334,
        -0.2167956761900919,
        -0.21009692664744986,
        -0.1955717057069638,
        -0.1738823148420989,
        -0.14606218235777774,
        -0.11345684506673044,
        -0.07764842147478022
      ],
      [
        -0.09844253469433452,
        -0.1336542319994655,
        -0.16451675626454482,
        -0.18938259533488597,
        -0.20688385664935563,
        -0.2160110034732512,
        -0.2161732207563426,
        -0.20723682333114565,
        -0.1895393085632419,
        -0.16387799106845752,
        -0.1314735633501727,
        -0.09391032326772551,
        -0.05305611746613114,
        -0.010966194882226337,
        0.03022391799915829,
        0.06841076788698609,
        0.10163446741997809,
        0.1281832367808688,
        0.14668521405335236,
        0.15618238110185048,
        0.15618238110185048,
        0.14668521405335236,
        0.12818323678086896,
        0.10163446741997827,
        0.06841076788698623,
        0.03022391799915859,
        -0.0109661948822262,
        -0.053056117466131016,
        -0.0939103232677254,
        -0.13147356335017252,
        -0.16387799106845738,
        -0.1895393085632418,
        -0.2072368233311456,
        -0.21617322075634254,
        -0.21601100347325122,
        -0.20688385664935563,
        -0.18938259533488605,
        -0.16451675626454504,
        -0.13365423199946563,
        -0.09844253469433452
      ],
      [
        -0.11717676723657143,
        -0.15123707168830128,
        -0.17979067712740587,
        -0.20113430381953115,
        -0.2138868961963096,
        -0.217071266632332,
        -0.21017555751603267,
        -0.19319082720644618,
        -0.16662233997072992,
        -0.1314735633501727,
        -0.08920336881178612,
        -0.04165840850037302,
        0.009015981824487478,
        0.06048180465993914,
        0.11032584537900288,
        0.15618238110185031,
        0.19585466465022658,
        0.22742869544887956,
        0.2493731106525897,
        0.26061965886799304,
        0.26061965886799304,
        0.2493731106525897,
        0.22742869544887956,
        0.19585466465022675,
        0.15618238110185048,
        0.11032584537900304,
        0.0604818046599393,
        0.009015981824487622,
        -0.04165840850037289,
        -0.08920336881178602,
        -0.13147356335017252,
        -0.16662233997072984,
        -0.19319082720644604,
        -0.21017555751603254,
        -0.217071266632332,
        -0.2138868961963096,
        -0.2011343038195312,
        -0.17979067712740596,
        -0.1512370716883014,
        -0.11717676723657143
      ],
      [
        -0.1336542319994655,
        -0.16611624263426739,
        -0.19192910469913776,
        -0.20934290990046767,
        -0.216971320345221,
        -0.21387581149634025,
        -0.1996280014102316,
        -0.17434627627454405,
        -0.13870427761224538,
        -0.09391032326772551,
        -0.04165840850037302,
        0.015947013739382634,
        0.076488831888257,
        0.13735276425540188,
        0.19585466465022658,
        0.2493731106525897,
        0.2954804250407077,
        0.33206530648209065,
        0.3574405750296649,
        0.3704301344492704,
        0.3704301344492704,
        0.3574405750296649,
        0.3320653064820908,
        0.2954804250407078,
        0.2493731106525897,
        0.19585466465022675,
        0.13735276425540205,
        0.07648883188825716,
        0.01594701373938278,
        -0.04165840850037289,
        -0.0939103232677254,
        -0.13870427761224519,
        -0.1743462762745439,
        -0.19962800141023143,
        -0.21387581149634022,
        -0.216971320345221,
        -0.20934290990046772,
        -0.19192910469913793,
        -0.16611624263426752,
        -0.1336542319994655
      ],
      [
        -0.1477976569503814,
        -0.17834079793559904,
        -0.20113430381953107,
        -0.21439008494682973,
        -0.2167228871625996,
        -0.20723682333114565,
        -0.1855883665030351,
        -0.15202193062198494,
        -0.10737559549543939,
        -0.05305611746613114,
        0.009015981824487478,
        0.076488831888257,
        0.14668521405335236,
        0.2167269299228173,
        0.28367131383485344,
        0.34465300807824734,
        0.39702384387413847,
        0.43848375844719145,
        0.46719604396081565,
        0.4818807512249424,
        0.4818807512249424,
        0.46719604396081577,
        0.43848375844719156,
        0.3970238438741387,
        0.3446530080782475,
        0.2836713138348536,
        0.2167269299228177,
        0.14668521405335253,
        0.07648883188825732,
        0.009015981824487764,
        -0.053056117466131016,
        -0.10737559549543929,
        -0.15202193062198477,
        -0.1855883665030349,
        -0.2072368233311456,
        -0.2167228871625996,
        -0.21439008494682973,
        -0.2011343038195312,
        -0.17834079793559904,
        -0.1477976569503814
      ],
      [
        -0.15963352008615117,
        -0.188075479509587,
        -0.20773575200332858,
        -0.21679567619009185,
        -0.21387581149634025,
        -0.19812444900202866,
        -0.16928109346928158,
        -0.12771096942049676,
        -0.0744081039252797,
        -0.010966194882226337,
        0.06048180465993914,
        0.13735276425540188,
        0.2167269299228173,
        0.2954804250407077,
        0.3704301344492704,
        0.43848375844719145,
        0.4967876131031473,
        0.5428649752449392,
        0.5747382811718483,
        0.5910289690257243,
        0.5910289690257243,
        0.5747382811718484,
        0.5428649752449393,
        0.49678761310314734,
        0.43848375844719156,
        0.37043013444927064,
        0.29548042504070804,
        0.2167269299228177,
        0.13735276425540205,
        0.06048180465993945,
        -0.0109661948822262,
        -0.07440810392527947,
        -0.12771096942049656,
        -0.1692810934692813,
        -0.19812444900202858,
        -0.21387581149634025,
        -0.21679567619009188,
        -0.2077357520033287,
        -0.18807547950958708,
        -0.15963352008615117
      ],
      [
        -0.16927026015608887,
        -0.1955717057069638,
        -0.21215311824017924,
        -0.21717195475204543,
        -0.20925764561625768,
        -0.18760177990447485,
        -0.15202193062198485,
        -0.10299511031610972,
        -0.04165840850037302,
        0.03022391799915829,
        0.11032584537900288,
        0.19585466465022658,
        0.28367131383485344,
        0.3704301344492704,
        0.4527311507341355,
        0.5272773089955152,
        0.5910289690257242,
        0.6413483888255792,
        0.6761278790562786,
        0.6938960599714362,
        0.6938960599714363,
        0.6761278790562787,
        0.6413483888255793,
        0.5910289690257244,
        0.5272773089955154,
        0.4527311507341357,
        0.37043013444927064,
        0.2836713138348536,
        0.19585466465022675,
        0.11032584537900321,
        0.03022391799915859,
        -0.04165840850037276,
        -0.10299511031610951,
        -0.15202193062198455,
        -0.1876017799044748,
        -0.20925764561625768,
        -0.21717195475204543,
        -0.21215311824017932,
        -0.1955717057069639,
        -0.16927026015608887
      ],
      [
        -0.1768724656833933,
        -0.20113430381953115,
        -0.214854779215188,
        -0.21617322075634257,
        -0.20372936382042187,
        -0.1767549118664739,
        -0.1351375887855905,
        -0.07945362017167265,
        -0.010966194882226337,
        0.06841076788698609,
        0.15618238110185031,
        0.2493731106525897,
        0.34465300807824734,
        0.43848375844719145,
        0.5272773089955152,
        0.6075591162993332,
        0.6761278790562786,
        0.7302042808352683,
        0.7675630696062639,
        0.7866451111201638,
        0.7866451111201638,
        0.767563069606264,
        0.7302042808352684,
        0.6761278790562787,
        0.6075591162993335,
        0.5272773089955155,
        0.4384837584471918,
        0.3446530080782475,
        0.2493731106525899,
        0.15618238110185068,
        0.0684107678869864,
        -0.0109661948822262,
        -0.0794536201716723,
        -0.13513758878559015,
        -0.17675491186647377,
        -0.20372936382042187,
        -0.21617322075634257,
        -0.21485477921518806,
        -0.2011343038195312,
        -0.1768724656833933
      ],
      [
        -0.18263317202331747,
        -0.20508650002501663,
        -0.21631479358864444,
        -0.21444411606105576,
        -0.19812444900202866,
        -0.16662233997072992,
        -0.11988509442426329,
        -0.058572407420328966,
        0.015947013739382634,
        0.10163446741997809,
        0.19585466465022658,
        0.2954804250407077,
        0.39702384387413847,
        0.4967876131031473,
        0.5910289690257242,
        0.6761278790562786,
        0.7487506692462496,
        0.8060007072552686,
        0.8455502998923946,
        0.8657547776337782,
        0.8657547776337782,
        0.8455502998923946,
        0.806000707255269,
        0.7487506692462498,
        0.6761278790562787,
        0.5910289690257245,
        0.49678761310314756,
        0.39702384387413886,
        0.29548042504070804,
        0.19585466465022697,
        0.10163446741997842,
        0.015947013739382926,
        -0.058572407420328716,
        -0.1198850944242629,
        -0.16662233997072984,
        -0.19812444900202866,
        -0.21444411606105573,
        -0.21631479358864447,
        -0.2050865000250167,
        -0.18263317202331747
      ],
      [
        -0.18674647492880306,
        -0.20773575200332864,
        -0.216971320345221,
        -0.21257005218228386,
        -0.19319082720644618,
        -0.1581279850998228,
        -0.10737559549543939,
        -0.04165840850037315,
        0.03757296402291365,
        0.1281832367808688,
        0.22742869544887956,
        0.33206530648209065,
        0.43848375844719145,
        0.5428649752449392,
        0.6413483888255792,
        0.7302042808352683,
        0.8060007072552686,
        0.8657547776337781,
        0.9070584098913113,
        0.9281795195949133,
        0.9281795195949133,
        0.9070584098913114,
        0.8657547776337783,
        0.806000707255269,
        0.7302042808352687,
        0.6413483888255795,
        0.5428649752449395,
        0.4384837584471918,
        0.33206530648209104,
        0.22742869544887995,
        0.12818323678086915,
        0.037572964022913956,
        -0.04165840850037276,
        -0.10737559549543899,
        -0.1581279850998227,
        -0.19319082720644618,
        -0.2125700521822838,
        -0.21697132034522104,
        -0.2077357520033287,
        -0.18674647492880306
      ],
      [
        -0.18938259533488597,
        -0.20934290990046772,
        -0.21718933974946145,
        -0.21103300393052082,
        -0.1895393085632419,
        -0.15202193062198485,
        -0.09850712642932045,
        -0.029764205755659866,
        0.052700279639985574,
        0.14668521405335236,
        0.2493731106525897,
        0.3574405750296649,
        0.46719604396081565,
        0.5747382811718483,
        0.6761278790562786,
        0.7675630696062639,
        0.8455502998923946,
        0.9070584098913113,
        0.9496394391480784,
        0.9714848385583756,
        0.9714848385583758,
        0.9496394391480785,
        0.9070584098913115,
        0.8455502998923948,
        0.7675630696062642,
        0.6761278790562789,
        0.5747382811718488,
        0.46719604396081604,
        0.35744057502966525,
        0.24937311065259007,
        0.14668521405335272,
        0.05270027963998588,
        -0.0297642057556596,
        -0.09850712642932002,
        -0.15202193062198477,
        -0.1895393085632419,
        -0.21103300393052082,
        -0.21718933974946147,
        -0.20934290990046772,
        -0.18938259533488597
      ],
      [
        -0.19066730979354934,
        -0.21009692664744986,
        -0.21723022341688186,
        -0.21017555751603262,
        -0.1876017799044749,
        -0.14883248281442465,
        -0.09391032326772551,
        -0.023627251959178124,
        0.06048180465993914,
        0.15618238110185048,
        0.26061965886799304,
        0.3704301344492704,
        0.4818807512249424,
        0.5910289690257243,
        0.6938960599714362,
        0.7866451111201638,
        0.8657547776337782,
        0.9281795195949133,
        0.9714848385583756,
        0.9939112697801746,
        0.9939112697801746,
        0.9714848385583759,
        0.9281795195949134,
        0.8657547776337784,
        0.7866451111201641,
        0.6938960599714367,
        0.5910289690257247,
        0.4818807512249428,
        0.37043013444927086,
        0.2606196588679934,
        0.15618238110185068,
        0.06048180465993945,
        -0.023627251959177854,
        -0.09391032326772508,
        -0.14883248281442457,
        -0.1876017799044749,
        -0.21017555751603254,
        -0.21723022341688183,
        -0.2100969266474499,
        -0.19066730979354934
      ],
      [
        -0.19066730979354934,
        -0.21009692664744986,
        -0.21723022341688186,
        -0.21017555751603262,
        -0.18760177990447485,
        -0.14883248281442465,
        -0.0939103232677254,
        -0.023627251959178124,
        0.0604818046599393,
        0.15618238110185048,
        0.26061965886799304,
        0.3704301344492704,
        0.4818807512249424,
        0.5910289690257243,
        0.6938960599714363,
        0.7866451111201638,
        0.8657547776337782,
        0.9281795195949133,
        0.9714848385583758,
        0.9939112697801746,
        0.9939112697801747,
        0.9714848385583759,
        0.9281795195949135,
        0.8657547776337784,
        0.7866451111201641,
        0.6938960599714367,
        0.5910289690257247,
        0.4818807512249428,
        0.37043013444927086,
        0.2606196588679934,
        0.15618238110185068,
        0.06048180465993961,
        -0.023627251959177722,
        -0.09391032326772497,
        -0.1488324828144245,
        -0.18760177990447485,
        -0.21017555751603254,
        -0.21723022341688183,
        -0.2100969266474499,
        -0.19066730979354934
      ],
      [
        -0.18938259533488597,
        -0.20934290990046772,
        -0.21718933974946145,
        -0.21103300393052082,
        -0.1895393085632419,
        -0.15202193062198485,
        -0.09850712642932033,
        -0.029764205755659866,
        0.05270027963998572,
        0.14668521405335236,
        0.2493731106525897,
        0.3574405750296649,
        0.46719604396081577,
        0.5747382811718484,
        0.6761278790562787,
        0.767563069606264,
        0.8455502998923946,
        0.9070584098913114,
        0.9496394391480785,
        0.9714848385583759,
        0.9714848385583759,
        0.9496394391480787,
        0.9070584098913116,
        0.8455502998923948,
        0.7675630696062643,
        0.676127879056279,
        0.5747382811718488,
        0.46719604396081615,
        0.35744057502966525,
        0.24937311065259007,
        0.14668521405335272,
        0.05270027963998603,
        -0.029764205755659467,
        -0.09850712642931991,
        -0.15202193062198469,
        -0.1895393085632419,
        -0.21103300393052082,
        -0.21718933974946147,
        -0.20934290990046772,
        -0.18938259533488597
      ],
      [
        -0.18674647492880306,
        -0.20773575200332864,
        -0.216971320345221,
        -0.21257005218228386,
        -0.19319082720644618,
        -0.1581279850998228,
        -0.10737559549543939,
        -0.04165840850037302,
        0.0375729640229138,
        0.12818323678086896,
        0.22742869544887956,
        0.3320653064820908,
        0.43848375844719156,
        0.5428649752449393,
        0.6413483888255793,
        0.7302042808352684,
        0.806000707255269,
        0.8657547776337783,
        0.9070584098913115,
        0.9281795195949134,
        0.9281795195949135,
        0.9070584098913116,
        0.8657547776337785,
        0.8060007072552691,
        0.7302042808352687,
        0.6413483888255797,
        0.5428649752449396,
        0.438483758447192,
        0.33206530648209104,
        0.22742869544887995,
        0.1281832367808693,
        0.03757296402291411,
        -0.04165840850037276,
        -0.10737559549543899,
        -0.1581279850998226,
        -0.19319082720644618,
        -0.2125700521822838,
        -0.21697132034522104,
        -0.2077357520033287,
        -0.18674647492880306
      ],
      [
        -0.18263317202331747,
        -0.20508650002501663,
        -0.21631479358864444,
        -0.21444411606105576,
        -0.19812444900202866,
        -0.16662233997072992,
        -0.11988509442426319,
        -0.058572407420328966,
        0.015947013739382634,
        0.10163446741997827,
        0.19585466465022675,
        0.2954804250407078,
        0.3970238438741387,
        0.49678761310314734,
        0.5910289690257244,
        0.6761278790562787,
        0.7487506692462498,
        0.806000707255269,
        0.8455502998923948,
        0.8657547776337784,
        0.8657547776337784,
        0.8455502998923948,
        0.8060007072552691,
        0.74875066924625,
        0.676127879056279,
        0.5910289690257248,
        0.4967876131031476,
        0.3970238438741391,
        0.29548042504070826,
        0.1958546646502271,
        0.10163446741997842,
        0.015947013739382926,
        -0.0585724074203286,
        -0.1198850944242628,
        -0.16662233997072975,
        -0.19812444900202866,
        -0.21444411606105573,
        -0.21631479358864447,
        -0.2050865000250167,
        -0.18263317202331747
      ],
      [
        -0.1768724656833933,
        -0.20113430381953115,
        -0.214854779215188,
        -0.21617322075634257,
        -0.20372936382042187,
        -0.17675491186647385,
        -0.13513758878559043,
        -0.07945362017167253,
        -0.0109661948822262,
        0.06841076788698623,
        0.15618238110185048,
        0.2493731106525897,
        0.3446530080782475,
        0.43848375844719156,
        0.5272773089955154,
        0.6075591162993335,
        0.6761278790562787,
        0.7302042808352687,
        0.7675630696062642,
        0.7866451111201641,
        0.7866451111201641,
        0.7675630696062643,
        0.7302042808352687,
        0.676127879056279,
        0.6075591162993337,
        0.5272773089955157,
        0.438483758447192,
        0.3446530080782477,
        0.24937311065259007,
        0.15618238110185084,
        0.06841076788698656,
        -0.010966194882225923,
        -0.0794536201716723,
        -0.13513758878559007,
        -0.1767549118664737,
        -0.20372936382042187,
        -0.21617322075634257,
        -0.21485477921518806,
        -0.2011343038195312,
        -0.1768724656833933
      ],
      [
        -0.16927026015608887,
        -0.1955717057069639,
        -0.21215311824017924,
        -0.21717195475204543,
        -0.2092576456162576,
        -0.18760177990447485,
        -0.15202193062198485,
        -0.10299511031610963,
        -0.04165840850037289,
        0.03022391799915859,
        0.11032584537900304,
        0.19585466465022675,
        0.2836713138348536,
        0.37043013444927064,
        0.4527311507341357,
        0.5272773089955155,
        0.5910289690257245,
        0.6413483888255795,
        0.6761278790562789,
        0.6938960599714367,
        0.6938960599714367,
        0.676127879056279,
        0.6413483888255797,
        0.5910289690257248,
        0.5272773089955157,
        0.45273115073413606,
        0.37043013444927103,
        0.28367131383485383,
        0.19585466465022697,
        0.11032584537900338,
        0.030223917999158738,
        -0.04165840850037276,
        -0.10299511031610942,
        -0.15202193062198455,
        -0.18760177990447474,
        -0.2092576456162576,
        -0.21717195475204543,
        -0.21215311824017932,
        -0.19557170570696397,
        -0.16927026015608887
      ],
      [
        -0.15963352008615117,
        -0.188075479509587,
        -0.20773575200332864,
        -0.21679567619009188,
        -0.21387581149634022,
        -0.19812444900202866,
        -0.1692810934692815,
        -0.12771096942049665,
        -0.07440810392527959,
        -0.0109661948822262,
        0.0604818046599393,
        0.13735276425540205,
        0.2167269299228177,
        0.29548042504070804,
        0.37043013444927064,
        0.4384837584471918,
        0.49678761310314756,
        0.5428649752449395,
        0.5747382811718488,
        0.5910289690257247,
        0.5910289690257247,
        0.5747382811718488,
        0.5428649752449396,
        0.4967876131031476,
        0.438483758447192,
        0.37043013444927103,
        0.29548042504070826,
        0.21672692992281786,
        0.13735276425540222,
        0.06048180465993961,
        -0.010966194882225923,
        -0.07440810392527947,
        -0.12771096942049648,
        -0.16928109346928125,
        -0.19812444900202858,
        -0.21387581149634022,
        -0.2167956761900919,
        -0.20773575200332875,
        -0.18807547950958708,
        -0.15963352008615117
      ],
      [
        -0.14779765695038155,
        -0.17834079793559904,
        -0.20113430381953115,
        -0.21439008494682973,
        -0.2167228871625996,
        -0.20723682333114565,
        -0.18558836650303503,
        -0.15202193062198485,
        -0.10737559549543929,
        -0.053056117466131016,
        0.009015981824487622,
        0.07648883188825716,
        0.14668521405335253,
        0.2167269299228177,
        0.2836713138348536,
        0.3446530080782475,
        0.39702384387413886,
        0.4384837584471918,
        0.46719604396081604,
        0.4818807512249428,
        0.4818807512249428,
        0.46719604396081615,
        0.438483758447192,
        0.3970238438741391,
        0.3446530080782477,
        0.28367131383485383,
        0.21672692992281786,
        0.14668521405335272,
        0.07648883188825747,
        0.009015981824487908,
        -0.053056117466130766,
        -0.1073755954954392,
        -0.1520219306219846,
        -0.1855883665030348,
        -0.2072368233311456,
        -0.2167228871625996,
        -0.21439008494682976,
        -0.2011343038195313,
        -0.17834079793559912,
        -0.14779765695038155
      ],
      [
        -0.1336542319994655,
        -0.16611624263426752,
        -0.19192910469913785,
        -0.20934290990046772,
        -0.216971320345221,
        -0.21387581149634022,
        -0.19962800141023151,
        -0.17434627627454397,
        -0.13870427761224527,
        -0.0939103232677254,
        -0.04165840850037289,
        0.01594701373938278,
        0.07648883188825732,
        0.13735276425540205,
        0.19585466465022675,
        0.2493731106525899,
        0.29548042504070804,
        0.33206530648209104,
        0.35744057502966525,
        0.37043013444927086,
        0.37043013444927086,
        0.35744057502966525,
        0.33206530648209104,
        0.29548042504070826,
        0.24937311065259007,
        0.19585466465022697,
        0.13735276425540222,
        0.07648883188825747,
        0.015947013739382926,
        -0.04165840850037276,
        -0.09391032326772518,
        -0.13870427761224513,
        -0.17434627627454385,
        -0.19962800141023143,
        -0.21387581149634016,
        -0.216971320345221,
        -0.20934290990046772,
        -0.19192910469913801,
        -0.16611624263426764,
        -0.1336542319994655
      ],
      [
        -0.11717676723657157,
        -0.1512370716883014,
        -0.17979067712740587,
        -0.20113430381953115,
        -0.2138868961963096,
        -0.217071266632332,
        -0.21017555751603262,
        -0.19319082720644618,
        -0.16662233997072984,
        -0.13147356335017252,
        -0.08920336881178602,
        -0.04165840850037289,
        0.009015981824487764,
        0.06048180465993945,
        0.11032584537900321,
        0.15618238110185068,
        0.19585466465022697,
        0.22742869544887995,
        0.24937311065259007,
        0.2606196588679934,
        0.2606196588679934,
        0.24937311065259007,
        0.22742869544887995,
        0.1958546646502271,
        0.15618238110185084,
        0.11032584537900338,
        0.06048180465993961,
        0.009015981824487908,
        -0.04165840850037276,
        -0.0892033688117858,
        -0.13147356335017235,
        -0.16662233997072975,
        -0.19319082720644604,
        -0.2101755575160325,
        -0.217071266632332,
        -0.2138868961963096,
        -0.2011343038195312,
        -0.1797906771274061,
        -0.15123707168830153,
        -0.11717676723657157
      ],
      [
        -0.09844253469433466,
        -0.13365423199946563,
        -0.16451675626454493,
        -0.18938259533488597,
        -0.20688385664935569,
        -0.21601100347325122,
        -0.21617322075634257,
        -0.20723682333114565,
        -0.1895393085632418,
        -0.16387799106845738,
        -0.13147356335017252,
        -0.0939103232677254,
        -0.053056117466131016,
        -0.0109661948822262,
        0.03022391799915859,
        0.0684107678869864,
        0.10163446741997842,
        0.12818323678086915,
        0.14668521405335272,
        0.15618238110185068,
        0.15618238110185068,
        0.14668521405335272,
        0.1281832367808693,
        0.10163446741997842,
        0.06841076788698656,
        0.030223917999158738,
        -0.010966194882225923,
        -0.053056117466130766,
        -0.09391032326772518,
        -0.13147356335017235,
        -0.16387799106845732,
        -0.18953930856324172,
        -0.2072368233311456,
        -0.21617322075634254,
        -0.21601100347325125,
        -0.20688385664935569,
        -0.18938259533488605,
        -0.16451675626454515,
        -0.13365423199946577,
        -0.09844253469433466
      ],
      [
        -0.07764842147478036,
        -0.11345684506673032,
        -0.1460621823577776,
        -0.1738823148420989,
        -0.1955717057069638,
        -0.21009692664744986,
        -0.21679567619009188,
        -0.21541582076088334,
        -0.20613209082426398,
        -0.1895393085632418,
        -0.16662233997072984,
        -0.13870427761224519,
        -0.10737559549543929,
        -0.07440810392527947,
        -0.04165840850037276,
        -0.0109661948822262,
        0.015947013739382926,
        0.037572964022913956,
        0.05270027963998588,
        0.06048180465993945,
        0.06048180465993961,
        0.05270027963998603,
        0.03757296402291411,
        0.015947013739382926,
        -0.010966194882225923,
        -0.04165840850037276,
        -0.07440810392527947,
        -0.1073755954954392,
        -0.13870427761224513,
        -0.16662233997072975,
        -0.18953930856324172,
