{
  "filename_root": "chart_028",
  "chart_type": "surface3d",
  "title": "Hyperbolic Paraboloid (Saddle)",
  "xlabel": "X Axis",
  "ylabel": "Y Axis",
  "data": {
    "x": [
      -5.0,
      -4.830508474576272,
      -4.661016949152542,
      -4.491525423728813,
      -4.322033898305085,
      -4.152542372881356,
      -3.983050847457627,
      -3.8135593220338984,
      -3.6440677966101696,
      -3.4745762711864407,
      -3.305084745762712,
      -3.135593220338983,
      -2.9661016949152543,
      -2.7966101694915255,
      -2.6271186440677967,
      -2.457627118644068,
      -2.288135593220339,
      -2.1186440677966103,
      -1.9491525423728815,
      -1.7796610169491527,
      -1.6101694915254239,
      -1.440677966101695,
      -1.2711864406779663,
      -1.1016949152542375,
      -0.9322033898305087,
      -0.7627118644067803,
      -0.593220338983051,
      -0.4237288135593218,
      -0.25423728813559343,
      -0.08474576271186507,
      0.08474576271186418,
      0.25423728813559343,
      0.4237288135593218,
      0.5932203389830502,
      0.7627118644067794,
      0.9322033898305087,
      1.101694915254237,
      1.2711864406779654,
      1.4406779661016946,
      1.6101694915254239,
      1.7796610169491522,
      1.9491525423728806,
      2.11864406779661,
      2.288135593220339,
      2.4576271186440675,
      2.627118644067796,
      2.796610169491525,
      2.9661016949152543,
      3.1355932203389827,
      3.305084745762711,
      3.4745762711864394,
      3.6440677966101696,
      3.813559322033898,
      3.9830508474576263,
      4.152542372881356,
      4.322033898305085,
      4.491525423728813,
      4.6610169491525415,
      4.83050847457627,
      5.0
    ],
    "y": [
      -5.0,
      -4.830508474576272,
      -4.661016949152542,
      -4.491525423728813,
      -4.322033898305085,
      -4.152542372881356,
      -3.983050847457627,
      -3.8135593220338984,
      -3.6440677966101696,
      -3.4745762711864407,
      -3.305084745762712,
      -3.135593220338983,
      -2.9661016949152543,
      -2.7966101694915255,
      -2.6271186440677967,
      -2.457627118644068,
      -2.288135593220339,
      -2.1186440677966103,
      -1.9491525423728815,
      -1.7796610169491527,
      -1.6101694915254239,
      -1.440677966101695,
      -1.2711864406779663,
      -1.1016949152542375,
      -0.9322033898305087,
      -0.7627118644067803,
      -0.593220338983051,
      -0.4237288135593218,
      -0.25423728813559343,
      -0.08474576271186507,
      0.08474576271186418,
      0.25423728813559343,
      0.4237288135593218,
      0.5932203389830502,
      0.7627118644067794,
      0.9322033898305087,
      1.101694915254237,
      1.2711864406779654,
      1.4406779661016946,
      1.6101694915254239,
      1.7796610169491522,
      1.9491525423728806,
      2.11864406779661,
      2.288135593220339,
      2.4576271186440675,
      2.627118644067796,
      2.796610169491525,
      2.9661016949152543,
      3.1355932203389827,
      3.305084745762711,
      3.4745762711864394,
      3.6440677966101696,
      3.813559322033898,
      3.9830508474576263,
      4.152542372881356,
      4.322033898305085,
      4.491525423728813,
      4.6610169491525415,
      4.83050847457627,
      5.0
    ],
    "z": [
      [
        0.0,
        -1.66618787704682,
        -3.2749209997127267,
        -4.826199367997706,
        -6.320022981901751,
        -7.756391841424875,
        -9.135305946567078,
        -10.456765297328353,
        -11.720769893708704,
        -12.92731973570813,
        -14.07641482332663,
        -15.168055156564206,
        -16.202240735420858,
        -17.17897155989658,
        -18.09824762999138,
        -18.960068945705256,
        -19.764435507038208,
        -20.511347313990232,
        -21.200804366561332,
        -21.83280666475151,
        -22.407354208560758,
        -22.924446997989083,
        -23.384085033036484,
        -23.78626831370296,
        -24.13099683998851,
        -24.418270611893135,
        -24.648089629416834,
        -24.82045389255961,
        -24.93536340132146,
        -24.992818155702384,
        -24.992818155702384,
        -24.93536340132146,
        -24.82045389255961,
        -24.648089629416834,
        -24.418270611893135,
        -24.13099683998851,
        -23.78626831370296,
        -23.384085033036484,
        -22.924446997989083,
        -22.407354208560758,
        -21.83280666475151,
        -21.200804366561336,
        -20.511347313990235,
        -19.764435507038208,
        -18.96006894570526,
        -18.098247629991384,
        -17.17897155989658,
        -16.202240735420858,
        -15.168055156564208,
        -14.076414823326635,
        -12.927319735708139,
        -11.720769893708704,
        -10.456765297328356,
        -9.135305946567085,
        -7.756391841424875,
        -6.320022981901751,
        -4.826199367997706,
        -3.2749209997127338,
        -1.6661878770468377,
        0.0
      ],
      [
        1.66618787704682,
        0.0,
        -1.6087331226659067,
        -3.160011490950886,
        -4.653835104854931,
        -6.0902039643780554,
        -7.469118069520258,
        -8.790577420281533,
        -10.054582016661884,
        -11.26113185866131,
        -12.41022694627981,
        -13.501867279517386,
        -14.536052858374036,
        -15.512783682849761,
        -16.43205975294456,
        -17.293881068658436,
        -18.098247629991388,
        -18.845159436943412,
        -19.534616489514512,
        -20.16661878770469,
        -20.741166331513938,
        -21.258259120942263,
        -21.717897155989665,
        -22.12008043665614,
        -22.46480896294169,
        -22.75208273484631,
        -22.981901752370014,
        -23.15426601551279,
        -23.26917552427464,
        -23.326630278655564,
        -23.326630278655564,
        -23.26917552427464,
        -23.15426601551279,
        -22.981901752370014,
        -22.752082734846315,
        -22.46480896294169,
        -22.12008043665614,
        -21.717897155989665,
        -21.258259120942263,
        -20.741166331513938,
        -20.16661878770469,
        -19.534616489514516,
        -18.845159436943412,
        -18.098247629991388,
        -17.29388106865844,
        -16.432059752944568,
        -15.512783682849763,
        -14.536052858374036,
        -13.501867279517388,
        -12.410226946279815,
        -11.261131858661319,
        -10.054582016661884,
        -8.790577420281537,
        -7.469118069520265,
        -6.0902039643780554,
        -4.653835104854931,
        -3.160011490950886,
        -1.6087331226659138,
        -1.7763568394002505e-14,
        1.66618787704682
      ],
      [
        3.2749209997127267,
        1.6087331226659067,
        0.0,
        -1.5512783682849793,
        -3.045101982189024,
        -4.481470841712149,
        -5.860384946854351,
        -7.181844297615626,
        -8.445848893995977,
        -9.652398735995403,
        -10.801493823613903,
        -11.89313415685148,
        -12.92731973570813,
        -13.904050560183855,
        -14.823326630278654,
        -15.68514794599253,
        -16.48951450732548,
        -17.236426314277505,
        -17.925883366848606,
        -18.557885665038782,
        -19.13243320884803,
        -19.649525998276356,
        -20.109164033323758,
        -20.511347313990232,
        -20.856075840275782,
        -21.14334961218041,
        -21.373168629704107,
        -21.545532892846882,
        -21.660442401608734,
        -21.717897155989657,
        -21.717897155989657,
        -21.660442401608734,
        -21.545532892846882,
        -21.373168629704107,
        -21.14334961218041,
        -20.856075840275782,
        -20.511347313990232,
        -20.109164033323758,
        -19.649525998276356,
        -19.13243320884803,
        -18.557885665038782,
        -17.92588336684861,
        -17.23642631427751,
        -16.48951450732548,
        -15.685147945992533,
        -14.82332663027866,
        -13.904050560183856,
        -12.92731973570813,
        -11.893134156851481,
        -10.801493823613908,
        -9.652398735995412,
        -8.445848893995977,
        -7.18184429761563,
        -5.860384946854358,
        -4.481470841712149,
        -3.045101982189024,
        -1.5512783682849793,
        -7.105427357601002e-15,
        1.608733122665889,
        3.2749209997127267
      ],
      [
        4.826199367997706,
        3.160011490950886,
        1.5512783682849793,
        0.0,
        -1.4938236139040448,
        -2.9301924734271694,
        -4.309106578569372,
        -5.630565929330647,
        -6.894570525710998,
        -8.101120367710424,
        -9.250215455328924,
        -10.3418557885665,
        -11.37604136742315,
        -12.352772191898875,
        -13.272048261993675,
        -14.13386957770755,
        -14.938236139040502,
        -15.685147945992526,
        -16.374604998563626,
        -17.006607296753803,
        -17.581154840563052,
        -18.098247629991377,
        -18.55788566503878,
        -18.960068945705252,
        -19.304797471990803,
        -19.592071243895425,
        -19.821890261419128,
        -19.994254524561903,
        -20.109164033323754,
        -20.166618787704678,
        -20.166618787704678,
        -20.109164033323754,
        -19.994254524561903,
        -19.821890261419128,
        -19.59207124389543,
        -19.304797471990803,
        -18.960068945705252,
        -18.55788566503878,
        -18.098247629991377,
        -17.581154840563052,
        -17.006607296753803,
        -16.37460499856363,
        -15.685147945992528,
        -14.938236139040502,
        -14.133869577707554,
        -13.27204826199368,
        -12.352772191898877,
        -11.37604136742315,
        -10.341855788566502,
        -9.250215455328929,
        -8.101120367710433,
        -6.894570525710998,
        -5.6305659293306505,
        -4.309106578569379,
        -2.9301924734271694,
        -1.4938236139040448,
        0.0,
        1.5512783682849722,
        3.1600114909508683,
        4.826199367997706
      ],
      [
        6.320022981901751,
        4.653835104854931,
        3.045101982189024,
        1.4938236139040448,
        0.0,
        -1.4363688595231245,
        -2.815282964665327,
        -4.136742315426602,
        -5.400746911806953,
        -6.607296753806379,
        -7.756391841424879,
        -8.848032174662455,
        -9.882217753519106,
        -10.85894857799483,
        -11.77822464808963,
        -12.640045963803505,
        -13.444412525136457,
        -14.191324332088481,
        -14.880781384659581,
        -15.512783682849758,
        -16.087331226659007,
        -16.604424016087332,
        -17.064062051134734,
        -17.466245331801208,
        -17.810973858086758,
        -18.098247629991384,
        -18.328066647515083,
        -18.500430910657858,
        -18.61534041941971,
        -18.672795173800633,
        -18.672795173800633,
        -18.61534041941971,
        -18.500430910657858,
        -18.328066647515083,
        -18.098247629991384,
        -17.810973858086758,
        -17.466245331801208,
        -17.064062051134734,
        -16.604424016087332,
        -16.087331226659007,
        -15.512783682849758,
        -14.880781384659585,
        -14.191324332088483,
        -13.444412525136457,
        -12.640045963803509,
        -11.778224648089635,
        -10.858948577994832,
        -9.882217753519106,
        -8.848032174662457,
        -7.756391841424884,
        -6.607296753806388,
        -5.400746911806953,
        -4.136742315426606,
        -2.815282964665334,
        -1.4363688595231245,
        0.0,
        1.4938236139040448,
        3.045101982189017,
        4.653835104854913,
        6.320022981901751
      ],
      [
        7.756391841424875,
        6.0902039643780554,
        4.481470841712149,
        2.9301924734271694,
        1.4363688595231245,
        0.0,
        -1.3789141051422025,
        -2.7003734559034775,
        -3.964378052283829,
        -5.170927894283254,
        -6.320022981901754,
        -7.4116633151393305,
        -8.445848893995981,
        -9.422579718471706,
        -10.341855788566505,
        -11.20367710428038,
        -12.008043665613332,
        -12.754955472565356,
        -13.444412525136457,
        -14.076414823326633,
        -14.650962367135882,
        -15.168055156564208,
        -15.627693191611607,
        -16.029876472278083,
        -16.374604998563633,
        -16.661878770468256,
        -16.89169778799196,
        -17.064062051134734,
        -17.178971559896585,
        -17.23642631427751,
        -17.23642631427751,
        -17.178971559896585,
        -17.064062051134734,
        -16.89169778799196,
        -16.66187877046826,
        -16.374604998563633,
        -16.029876472278083,
        -15.62769319161161,
        -15.16805515656421,
        -14.650962367135882,
        -14.076414823326633,
        -13.44441252513646,
        -12.754955472565358,
        -12.008043665613332,
        -11.203677104280384,
        -10.34185578856651,
        -9.422579718471708,
        -8.445848893995981,
        -7.411663315139332,
        -6.32002298190176,
        -5.170927894283263,
        -3.964378052283829,
        -2.700373455903481,
        -1.3789141051422096,
        0.0,
        1.4363688595231245,
        2.9301924734271694,
        4.481470841712142,
        6.090203964378038,
        7.756391841424875
      ],
      [
        9.135305946567078,
        7.469118069520258,
        5.860384946854351,
        4.309106578569372,
        2.815282964665327,
        1.3789141051422025,
        0.0,
        -1.321459350761275,
        -2.5854639471416263,
        -3.792013789141052,
        -4.941108876759552,
        -6.032749209997128,
        -7.066934788853779,
        -8.043665613329503,
        -8.962941683424305,
        -9.82476299913818,
        -10.629129560471128,
        -11.376041367423154,
        -12.065498419994254,
        -12.697500718184429,
        -13.27204826199368,
        -13.789141051422005,
        -14.248779086469405,
        -14.65096236713588,
        -14.99569089342143,
        -15.282964665326055,
        -15.512783682849756,
        -15.685147945992531,
        -15.80005745475438,
        -15.857512209135306,
        -15.857512209135306,
        -15.80005745475438,
        -15.685147945992531,
        -15.512783682849758,
        -15.282964665326057,
        -14.99569089342143,
        -14.650962367135882,
        -14.248779086469408,
        -13.789141051422007,
        -13.27204826199368,
        -12.69750071818443,
        -12.065498419994258,
        -11.376041367423156,
        -10.629129560471128,
        -9.82476299913818,
        -8.962941683424308,
        -8.043665613329505,
        -7.066934788853779,
        -6.03274920999713,
        -4.941108876759557,
        -3.792013789141061,
        -2.5854639471416263,
        -1.3214593507612786,
        -7.105427357601002e-15,
        1.3789141051422025,
        2.815282964665327,
        4.309106578569372,
        5.860384946854344,
        7.46911806952024,
        9.135305946567078
      ],
      [
        10.456765297328353,
        8.790577420281533,
        7.181844297615626,
        5.630565929330647,
        4.136742315426602,
        2.7003734559034775,
        1.321459350761275,
        0.0,
        -1.2640045963803512,
        -2.470554438379777,
        -3.619649525998277,
        -4.711289859235853,
        -5.7454754380925035,
        -6.722206262568228,
        -7.641482332663029,
        -8.503303648376903,
        -9.307670209709855,
        -10.054582016661879,
        -10.74403906923298,
        -11.376041367423156,
        -11.950588911232405,
        -12.46768170066073,
        -12.92731973570813,
        -13.329503016374606,
        -13.674231542660156,
        -13.96150531456478,
        -14.191324332088481,
        -14.363688595231256,
        -14.478598103993106,
        -14.536052858374031,
        -14.536052858374031,
        -14.478598103993106,
        -14.363688595231256,
        -14.191324332088483,
        -13.961505314564782,
        -13.674231542660156,
        -13.329503016374607,
        -12.927319735708133,
        -12.467681700660732,
        -11.950588911232405,
        -11.376041367423156,
        -10.744039069232983,
        -10.05458201666188,
        -9.307670209709855,
        -8.503303648376907,
        -7.641482332663033,
        -6.72220626256823,
        -5.7454754380925035,
        -4.711289859235855,
        -3.619649525998282,
        -2.4705544383797857,
        -1.2640045963803512,
        -3.552713678800501e-15,
        1.321459350761268,
        2.7003734559034775,
        4.136742315426602,
        5.630565929330647,
        7.181844297615619,
        8.790577420281515,
        10.456765297328353
      ],
      [
        11.720769893708704,
        10.054582016661884,
        8.445848893995977,
        6.894570525710998,
        5.400746911806953,
        3.964378052283829,
        2.5854639471416263,
        1.2640045963803512,
        0.0,
        -1.2065498419994256,
        -2.3556449296179256,
        -3.4472852628555017,
        -4.481470841712152,
        -5.458201666187877,
        -6.377477736282677,
        -7.239299051996553,
        -8.043665613329502,
        -8.790577420281528,
        -9.480034472852628,
        -10.112036771042803,
        -10.686584314852054,
        -11.203677104280379,
        -11.663315139327779,
        -12.065498419994254,
        -12.410226946279804,
        -12.697500718184429,
        -12.92731973570813,
        -13.099683998850905,
        -13.214593507612754,
        -13.27204826199368,
        -13.27204826199368,
        -13.214593507612754,
        -13.099683998850905,
        -12.927319735708132,
        -12.69750071818443,
        -12.410226946279804,
        -12.065498419994256,
        -11.663315139327782,
        -11.20367710428038,
        -10.686584314852054,
        -10.112036771042805,
        -9.480034472852632,
        -8.79057742028153,
        -8.043665613329502,
        -7.2392990519965545,
        -6.377477736282682,
        -5.458201666187879,
        -4.481470841712152,
        -3.4472852628555035,
        -2.355644929617931,
        -1.2065498419994345,
        0.0,
        1.2640045963803477,
        2.585463947141619,
        3.964378052283829,
        5.400746911806953,
        6.894570525710998,
        8.44584889399597,
        10.054582016661866,
        11.720769893708704
      ],
      [
        12.92731973570813,
        11.26113185866131,
        9.652398735995403,
        8.101120367710424,
        6.607296753806379,
        5.170927894283254,
        3.792013789141052,
        2.470554438379777,
        1.2065498419994256,
        0.0,
        -1.1490950876185,
        -2.240735420856076,
        -3.2749209997127267,
        -4.251651824188452,
        -5.170927894283252,
        -6.032749209997127,
        -6.837115771330077,
        -7.584027578282102,
        -8.273484630853202,
        -8.905486929043377,
        -9.480034472852628,
        -9.997127262280953,
        -10.456765297328353,
        -10.858948577994829,
        -11.203677104280379,
        -11.490950876185003,
        -11.720769893708704,
        -11.89313415685148,
        -12.008043665613329,
        -12.065498419994254,
        -12.065498419994254,
        -12.008043665613329,
        -11.89313415685148,
        -11.720769893708706,
        -11.490950876185005,
        -11.203677104280379,
        -10.85894857799483,
        -10.456765297328356,
        -9.997127262280955,
        -9.480034472852628,
        -8.905486929043379,
        -8.273484630853206,
        -7.584027578282104,
        -6.837115771330077,
        -6.032749209997129,
        -5.170927894283256,
        -4.251651824188453,
        -3.2749209997127267,
        -2.240735420856078,
        -1.1490950876185053,
        -8.881784197001252e-15,
        1.2065498419994256,
        2.4705544383797733,
        3.792013789141045,
        5.170927894283254,
        6.607296753806379,
        8.101120367710424,
        9.652398735995396,
        11.261131858661292,
        12.92731973570813
      ],
      [
        14.07641482332663,
        12.41022694627981,
        10.801493823613903,
        9.250215455328924,
        7.756391841424879,
        6.320022981901754,
        4.941108876759552,
        3.619649525998277,
        2.3556449296179256,
        1.1490950876185,
        0.0,
        -1.0916403332375761,
        -2.1258259120942267,
        -3.1025567365699516,
        -4.021832806664752,
        -4.883654122378627,
        -5.688020683711577,
        -6.434932490663602,
        -7.124389543234702,
        -7.756391841424878,
        -8.330939385234128,
        -8.848032174662453,
        -9.307670209709853,
        -9.709853490376329,
        -10.054582016661879,
        -10.341855788566503,
        -10.571674806090204,
        -10.74403906923298,
        -10.858948577994829,
        -10.916403332375754,
        -10.916403332375754,
        -10.858948577994829,
        -10.74403906923298,
        -10.571674806090206,
        -10.341855788566505,
        -10.054582016661879,
        -9.70985349037633,
        -9.307670209709856,
        -8.848032174662455,
        -8.330939385234128,
        -7.756391841424879,
        -7.124389543234706,
        -6.434932490663604,
        -5.688020683711577,
        -4.883654122378629,
        -4.021832806664756,
        -3.1025567365699533,
        -2.1258259120942267,
        -1.091640333237578,
        -5.329070518200751e-15,
        1.149095087618491,
        2.3556449296179256,
        3.6196495259982733,
        4.941108876759545,
        6.320022981901754,
        7.756391841424879,
        9.250215455328924,
        10.801493823613896,
        12.410226946279792,
        14.07641482332663
      ],
      [
        15.168055156564206,
        13.501867279517386,
        11.89313415685148,
        10.3418557885665,
        8.848032174662455,
        7.4116633151393305,
        6.032749209997128,
        4.711289859235853,
        3.4472852628555017,
        2.240735420856076,
        1.0916403332375761,
        0.0,
        -1.0341855788566505,
        -2.0109164033323754,
        -2.9301924734271756,
        -3.792013789141051,
        -4.596380350474001,
        -5.343292157426026,
        -6.032749209997126,
        -6.664751508187302,
        -7.239299051996552,
        -7.756391841424877,
        -8.216029876472277,
        -8.618213157138753,
        -8.962941683424303,
        -9.250215455328927,
        -9.480034472852628,
        -9.652398735995403,
        -9.767308244757253,
        -9.824762999138178,
        -9.824762999138178,
        -9.767308244757253,
        -9.652398735995403,
        -9.48003447285263,
        -9.250215455328929,
        -8.962941683424303,
        -8.618213157138754,
        -8.21602987647228,
        -7.756391841424879,
        -7.239299051996552,
        -6.664751508187303,
        -6.03274920999713,
        -5.343292157426028,
        -4.596380350474001,
        -3.792013789141053,
        -2.93019247342718,
        -2.010916403332377,
        -1.0341855788566505,
        -1.7763568394002505e-15,
        1.0916403332375708,
        2.2407354208560673,
        3.4472852628555017,
        4.711289859235849,
        6.032749209997121,
        7.4116633151393305,
        8.848032174662455,
        10.3418557885665,
        11.893134156851472,
        13.501867279517368,
        15.168055156564206
      ],
      [
        16.202240735420858,
        14.536052858374036,
        12.92731973570813,
        11.37604136742315,
        9.882217753519106,
        8.445848893995981,
        7.066934788853779,
        5.7454754380925035,
        4.481470841712152,
        3.2749209997127267,
        2.1258259120942267,
        1.0341855788566505,
        0.0,
        -0.9767308244757249,
        -1.896006894570525,
        -2.7578282102844005,
        -3.5621947716173503,
        -4.309106578569375,
        -4.998563631140476,
        -5.630565929330651,
        -6.205113473139901,
        -6.722206262568227,
        -7.181844297615627,
        -7.584027578282102,
        -7.928756104567652,
        -8.216029876472277,
        -8.445848893995977,
        -8.618213157138753,
        -8.733122665900602,
        -8.790577420281528,
        -8.790577420281528,
        -8.733122665900602,
        -8.618213157138753,
        -8.44584889399598,
        -8.216029876472279,
        -7.928756104567652,
        -7.584027578282103,
        -7.181844297615629,
        -6.722206262568228,
        -6.205113473139901,
        -5.630565929330652,
        -4.998563631140479,
        -4.309106578569377,
        -3.5621947716173503,
        -2.7578282102844023,
        -1.8960068945705295,
        -0.9767308244757267,
        0.0,
        1.0341855788566487,
        2.1258259120942213,
        3.2749209997127178,
        4.481470841712152,
        5.7454754380925,
        7.0669347888537715,
        8.445848893995981,
        9.882217753519106,
        11.37604136742315,
        12.927319735708123,
        14.536052858374019,
        16.202240735420858
      ],
      [
        17.17897155989658,
        15.512783682849761,
        13.904050560183855,
        12.352772191898875,
        10.85894857799483,
        9.422579718471706,
        8.043665613329503,
        6.722206262568228,
        5.458201666187877,
        4.251651824188452,
        3.1025567365699516,
        2.0109164033323754,
        0.9767308244757249,
        0.0,
        -0.9192760700948002,
        -1.7810973858086756,
        -2.5854639471416254,
        -3.3323757540936505,
        -4.021832806664751,
        -4.6538351048549265,
        -5.2283826486641765,
        -5.745475438092502,
        -6.205113473139902,
        -6.607296753806377,
        -6.952025280091927,
        -7.239299051996552,
        -7.469118069520253,
        -7.641482332663029,
        -7.756391841424878,
        -7.813846595805803,
        -7.813846595805803,
        -7.756391841424878,
        -7.641482332663029,
        -7.4691180695202535,
        -7.239299051996554,
        -6.952025280091927,
        -6.607296753806378,
        -6.205113473139904,
        -5.7454754380925035,
        -5.2283826486641765,
        -4.653835104854927,
        -4.021832806664754,
        -3.3323757540936523,
        -2.5854639471416254,
        -1.7810973858086774,
        -0.9192760700948046,
        -1.7763568394002505e-15,
        0.9767308244757249,
        2.0109164033323736,
        3.1025567365699462,
        4.251651824188443,
        5.458201666187877,
        6.722206262568225,
        8.043665613329496,
        9.422579718471706,
        10.85894857799483,
        12.352772191898875,
        13.904050560183848,
        15.512783682849744,
        17.17897155989658
      ],
      [
        18.09824762999138,
        16.43205975294456,
        14.823326630278654,
        13.272048261993675,
        11.77822464808963,
        10.341855788566505,
        8.962941683424305,
        7.641482332663029,
        6.377477736282677,
        5.170927894283252,
        4.021832806664752,
        2.9301924734271756,
        1.896006894570525,
        0.9192760700948002,
        0.0,
        -0.8618213157138754,
        -1.6661878770468252,
        -2.4130996839988503,
        -3.102556736569951,
        -3.7345590347601263,
        -4.309106578569376,
        -4.8261993679977016,
        -5.285837403045102,
        -5.688020683711577,
        -6.032749209997127,
        -6.320022981901752,
        -6.549841999425452,
        -6.722206262568228,
        -6.837115771330078,
        -6.894570525711003,
        -6.894570525711003,
        -6.837115771330078,
        -6.722206262568228,
        -6.549841999425453,
        -6.320022981901753,
        -6.032749209997127,
        -5.688020683711578,
        -5.285837403045104,
        -4.826199367997702,
        -4.309106578569376,
        -3.7345590347601276,
        -3.1025567365699542,
        -2.413099683998852,
        -1.6661878770468252,
        -0.8618213157138772,
        -4.440892098500626e-15,
        0.9192760700947984,
        1.896006894570525,
        2.930192473427174,
        4.021832806664746,
        5.170927894283243,
        6.377477736282677,
        7.641482332663025,
        8.962941683424297,
        10.341855788566505,
        11.77822464808963,
        13.272048261993675,
        14.823326630278647,
        16.432059752944543,
        18.09824762999138
      ],
      [
        18.960068945705256,
        17.293881068658436,
        15.68514794599253,
        14.13386957770755,
        12.640045963803505,
        11.20367710428038,
        9.82476299913818,
        8.503303648376903,
        7.239299051996553,
        6.032749209997127,
        4.883654122378627,
        3.792013789141051,
        2.7578282102844005,
        1.7810973858086756,
        0.8618213157138754,
        0.0,
        -0.8043665613329498,
        -1.551278368284975,
        -2.2407354208560757,
        -2.872737719046251,
        -3.447285262855501,
        -3.964378052283826,
        -4.424016087331227,
        -4.8261993679977016,
        -5.170927894283252,
        -5.458201666187876,
        -5.688020683711577,
        -5.860384946854353,
        -5.975294455616202,
        -6.032749209997127,
        -6.032749209997127,
        -5.975294455616202,
        -5.860384946854353,
        -5.688020683711578,
        -5.458201666187877,
        -5.170927894283252,
        -4.826199367997702,
        -4.424016087331228,
        -3.9643780522838274,
        -3.447285262855501,
        -2.872737719046252,
        -2.240735420856079,
        -1.5512783682849767,
        -0.8043665613329498,
        -1.7763568394002505e-15,
        0.861821315713871,
        1.7810973858086738,
        2.7578282102844005,
        3.7920137891410493,
        4.883654122378622,
        6.032749209997118,
        7.239299051996553,
        8.5033036483769,
        9.824762999138173,
        11.20367710428038,
        12.640045963803505,
        14.13386957770755,
        15.685147945992522,
        17.29388106865842,
        18.960068945705256
      ],
      [
        19.764435507038208,
        18.098247629991388,
        16.48951450732548,
        14.938236139040502,
        13.444412525136457,
        12.008043665613332,
        10.629129560471128,
        9.307670209709855,
        8.043665613329502,
        6.837115771330077,
        5.688020683711577,
        4.596380350474001,
        3.5621947716173503,
        2.5854639471416254,
        1.6661878770468252,
        0.8043665613329498,
        0.0,
        -0.7469118069520251,
        -1.4363688595231259,
        -2.068371157713301,
        -2.642918701522551,
        -3.1600114909508763,
        -3.619649525998277,
        -4.021832806664752,
        -4.366561332950302,
        -4.6538351048549265,
        -4.883654122378627,
        -5.056018385521403,
        -5.170927894283253,
        -5.228382648664177,
        -5.228382648664177,
        -5.170927894283253,
        -5.056018385521403,
        -4.883654122378628,
        -4.653835104854927,
        -4.366561332950302,
        -4.021832806664753,
        -3.6196495259982786,
        -3.1600114909508776,
        -2.642918701522551,
        -2.0683711577133024,
        -1.436368859523129,
        -0.7469118069520269,
        0.0,
        0.804366561332948,
        1.6661878770468208,
        2.5854639471416236,
        3.5621947716173503,
        4.596380350473999,
        5.688020683711572,
        6.837115771330068,
        8.043665613329502,
        9.307670209709851,
        10.629129560471121,
        12.008043665613332,
        13.444412525136457,
        14.938236139040502,
        16.489514507325474,
        18.09824762999137,
        19.764435507038208
      ],
      [
        20.511347313990232,
        18.845159436943412,
        17.236426314277505,
        15.685147945992526,
        14.191324332088481,
        12.754955472565356,
        11.376041367423154,
        10.054582016661879,
        8.790577420281528,
        7.584027578282102,
        6.434932490663602,
        5.343292157426026,
        4.309106578569375,
        3.3323757540936505,
        2.4130996839988503,
        1.551278368284975,
        0.7469118069520251,
        0.0,
        -0.6894570525711008,
        -1.321459350761276,
        -1.896006894570526,
        -2.413099683998851,
        -2.8727377190462517,
        -3.2749209997127267,
        -3.619649525998277,
        -3.9069232979029014,
        -4.136742315426602,
        -4.309106578569378,
        -4.4240160873312275,
        -4.481470841712152,
        -4.481470841712152,
        -4.4240160873312275,
        -4.309106578569378,
        -4.136742315426603,
        -3.9069232979029027,
        -3.619649525998277,
        -3.2749209997127275,
        -2.8727377190462535,
        -2.4130996839988526,
        -1.896006894570526,
        -1.3214593507612773,
        -0.6894570525711039,
        -1.7763568394002505e-15,
        0.7469118069520251,
        1.5512783682849731,
        2.413099683998846,
        3.3323757540936487,
        4.309106578569375,
        5.343292157426024,
        6.434932490663597,
        7.584027578282093,
        8.790577420281528,
        10.054582016661875,
        11.376041367423147,
        12.754955472565356,
        14.191324332088481,
        15.685147945992526,
        17.236426314277498,
        18.845159436943394,
        20.511347313990232
      ],
      [
        21.200804366561332,
        19.534616489514512,
        17.925883366848606,
        16.374604998563626,
        14.880781384659581,
        13.444412525136457,
        12.065498419994254,
        10.74403906923298,
        9.480034472852628,
        8.273484630853202,
        7.124389543234702,
        6.032749209997126,
        4.998563631140476,
        4.021832806664751,
        3.102556736569951,
        2.2407354208560757,
        1.4363688595231259,
        0.6894570525711008,
        0.0,
        -0.6320022981901752,
        -1.2065498419994252,
        -1.7236426314277504,
        -2.1832806664751505,
        -2.585463947141626,
        -2.930192473427176,
        -3.2174662453318006,
        -3.4472852628555013,
        -3.619649525998277,
        -3.7345590347601267,
        -3.7920137891410515,
        -3.792013789141052,
        -3.7345590347601267,
        -3.619649525998277,
        -3.4472852628555026,
        -3.217466245331802,
        -2.930192473427176,
        -2.585463947141627,
        -2.183280666475153,
        -1.7236426314277518,
        -1.2065498419994252,
        -0.6320022981901765,
        -3.1086244689504383e-15,
        0.689457052571099,
        1.4363688595231259,
        2.240735420856074,
        3.1025567365699467,
        4.021832806664749,
        4.998563631140476,
        6.0327492099971245,
        7.124389543234697,
        8.273484630853194,
        9.480034472852628,
        10.744039069232976,
        12.065498419994247,
        13.444412525136457,
        14.880781384659581,
        16.374604998563626,
        17.9258833668486,
        19.534616489514494,
        21.200804366561332
      ],
      [
        21.83280666475151,
        20.16661878770469,
        18.557885665038782,
        17.006607296753803,
        15.512783682849758,
        14.076414823326633,
        12.697500718184429,
        11.376041367423156,
        10.112036771042803,
        8.905486929043377,
        7.756391841424878,
        6.664751508187302,
        5.630565929330651,
        4.6538351048549265,
        3.7345590347601263,
        2.872737719046251,
        2.068371157713301,
        1.321459350761276,
        0.6320022981901752,
        0.0,
        -0.57454754380925,
        -1.0916403332375753,
        -1.5512783682849756,
        -1.9534616489514507,
        -2.298190175237001,
        -2.5854639471416254,
        -2.815282964665326,
        -2.9876472278081017,
        -3.1025567365699516,
        -3.1600114909508763,
        -3.1600114909508767,
        -3.1025567365699516,
        -2.9876472278081017,
        -2.8152829646653275,
        -2.5854639471416268,
        -2.298190175237001,
        -1.9534616489514518,
        -1.5512783682849778,
        -1.0916403332375766,
        -0.57454754380925,
        -1.3322676295501878e-15,
        0.6320022981901721,
        1.3214593507612742,
        2.068371157713301,
        2.872737719046249,
        3.734559034760122,
        4.653835104854925,
        5.630565929330651,
        6.6647515081873,
        7.756391841424873,
        8.90548692904337,
        10.112036771042803,
        11.376041367423152,
        12.697500718184422,
        14.076414823326633,
        15.512783682849758,
        17.006607296753803,
        18.557885665038775,
        20.16661878770467,
        21.83280666475151
      ],
      [
        22.407354208560758,
        20.741166331513938,
        19.13243320884803,
        17.581154840563052,
        16.087331226659007,
        14.650962367135882,
        13.27204826199368,
        11.950588911232405,
        10.686584314852054,
        9.480034472852628,
        8.330939385234128,
        7.239299051996552,
        6.205113473139901,
        5.2283826486641765,
        4.309106578569376,
        3.447285262855501,
        2.642918701522551,
        1.896006894570526,
        1.2065498419994252,
        0.57454754380925,
        0.0,
        -0.5170927894283253,
        -0.9767308244757256,
        -1.3789141051422007,
        -1.7236426314277509,
        -2.0109164033323754,
        -2.240735420856076,
        -2.4130996839988517,
        -2.5280091927607016,
        -2.5854639471416263,
        -2.5854639471416268,
        -2.5280091927607016,
        -2.4130996839988517,
        -2.2407354208560775,
        -2.0109164033323768,
        -1.7236426314277509,
        -1.3789141051422018,
        -0.9767308244757278,
        -0.5170927894283266,
        0.0,
        0.5745475438092487,
        1.206549841999422,
        1.8960068945705242,
        2.642918701522551,
        3.447285262855499,
        4.309106578569372,
        5.228382648664175,
        6.205113473139901,
        7.23929905199655,
        8.330939385234123,
        9.48003447285262,
        10.686584314852054,
        11.950588911232401,
        13.272048261993673,
        14.650962367135882,
        16.087331226659007,
        17.581154840563052,
        19.132433208848024,
        20.74116633151392,
        22.407354208560758
      ],
      [
        22.924446997989083,
        21.258259120942263,
        19.649525998276356,
        18.098247629991377,
        16.604424016087332,
        15.168055156564208,
        13.789141051422005,
        12.46768170066073,
        11.203677104280379,
        9.997127262280953,
        8.848032174662453,
        7.756391841424877,
        6.722206262568227,
        5.745475438092502,
        4.8261993679977016,
        3.964378052283826,
        3.1600114909508763,
        2.413099683998851,
        1.7236426314277504,
        1.0916403332375753,
        0.5170927894283253,
        0.0,
        -0.4596380350474003,
        -0.8618213157138754,
        -1.2065498419994256,
        -1.4938236139040502,
        -1.7236426314277509,
        -1.8960068945705264,
        -2.0109164033323763,
        -2.068371157713301,
        -2.0683711577133015,
        -2.0109164033323763,
        -1.8960068945705264,
        -1.723642631427752,
        -1.4938236139040515,
        -1.2065498419994256,
        -0.8618213157138765,
        -0.4596380350474025,
        -1.3322676295501878e-15,
        0.5170927894283253,
        1.091640333237574,
        1.7236426314277473,
        2.4130996839988494,
        3.1600114909508763,
        3.9643780522838243,
        4.826199367997697,
        5.7454754380925,
        6.722206262568227,
