{
  "filename_root": "chart_045",
  "chart_type": "wireframe3d",
  "title": "Gaussian Wireframe",
  "xlabel": "X Axis",
  "ylabel": "Y Axis",
  "data": {
    "x": [
      -5.0,
      -4.655172413793103,
      -4.310344827586206,
      -3.9655172413793105,
      -3.6206896551724137,
      -3.275862068965517,
      -2.9310344827586206,
      -2.586206896551724,
      -2.2413793103448274,
      -1.8965517241379306,
      -1.5517241379310343,
      -1.206896551724138,
      -0.8620689655172411,
      -0.5172413793103443,
      -0.1724137931034484,
      0.1724137931034484,
      0.5172413793103452,
      0.862068965517242,
      1.2068965517241388,
      1.5517241379310347,
      1.8965517241379315,
      2.2413793103448283,
      2.586206896551724,
      2.931034482758621,
      3.275862068965518,
      3.6206896551724146,
      3.9655172413793114,
      4.310344827586208,
      4.655172413793103,
      5.0
    ],
    "y": [
      -5.0,
      -4.655172413793103,
      -4.310344827586206,
      -3.9655172413793105,
      -3.6206896551724137,
      -3.275862068965517,
      -2.9310344827586206,
      -2.586206896551724,
      -2.2413793103448274,
      -1.8965517241379306,
      -1.5517241379310343,
      -1.206896551724138,
      -0.8620689655172411,
      -0.5172413793103443,
      -0.1724137931034484,
      0.1724137931034484,
      0.5172413793103452,
      0.862068965517242,
      1.2068965517241388,
      1.5517241379310347,
      1.8965517241379315,
      2.2413793103448283,
      2.586206896551724,
      2.931034482758621,
      3.275862068965518,
      3.6206896551724146,
      3.9655172413793114,
      4.310344827586208,
      4.655172413793103,
      5.0
    ],
    "z": [
      [
        0.006737946999085467,
        0.009399836154654156,
        0.01280515758007727,
        0.01703419134562498,
        0.022127383658645892,
        0.028067941396979164,
        0.03476666290253239,
        0.04205207233334503,
        0.04966880935377445,
        0.05728646797004761,
        0.06451969325338014,
        0.07095851073017127,
        0.07620590772229455,
        0.07991802441758272,
        0.08184135084038072,
        0.08184135084038072,
        0.07991802441758272,
        0.07620590772229452,
        0.07095851073017127,
        0.06451969325338014,
        0.05728646797004761,
        0.04966880935377445,
        0.04205207233334503,
        0.03476666290253237,
        0.02806794139697915,
        0.022127383658645874,
        0.01703419134562498,
        0.012805157580077248,
        0.009399836154654156,
        0.006737946999085467
      ],
      [
        0.009399836154654156,
        0.013113329586346688,
        0.01786395517857162,
        0.02376370839628677,
        0.030869014100388996,
        0.03915644488830924,
        0.04850155915032479,
        0.058665137904878054,
        0.0692909383207678,
        0.07991802441758275,
        0.09000880318777135,
        0.09899133589688514,
        0.1063117662848176,
        0.11149038949562662,
        0.11417354406016567,
        0.11417354406016567,
        0.11149038949562662,
        0.10631176628481755,
        0.09899133589688514,
        0.09000880318777131,
        0.07991802441758272,
        0.06929093832076776,
        0.058665137904878054,
        0.04850155915032479,
        0.0391564448883092,
        0.030869014100388982,
        0.02376370839628676,
        0.01786395517857159,
        0.013113329586346688,
        0.009399836154654156
      ],
      [
        0.01280515758007727,
        0.01786395517857162,
        0.02433561152571636,
        0.032372695193286956,
        0.04205207233334505,
        0.0533418283915672,
        0.06607243972990279,
        0.07991802441758272,
        0.09439328191157091,
        0.1088702908559646,
        0.12261670197760802,
        0.13485337769364686,
        0.14482581371584796,
        0.151880520326816,
        0.15553571350734974,
        0.15553571350734974,
        0.151880520326816,
        0.1448258137158479,
        0.13485337769364686,
        0.12261670197760796,
        0.1088702908559646,
        0.09439328191157087,
        0.07991802441758272,
        0.06607243972990273,
        0.05334182839156718,
        0.04205207233334501,
        0.03237269519328693,
        0.024335611525716325,
        0.01786395517857162,
        0.01280515758007727
      ],
      [
        0.01703419134562498,
        0.02376370839628677,
        0.032372695193286956,
        0.04306410763378648,
        0.055940197699772445,
        0.0709585107301713,
        0.08789353617815039,
        0.1063117662848175,
        0.12556762505795874,
        0.1448258137158479,
        0.1631121171757923,
        0.17939007972938634,
        0.19265601435938806,
        0.20204060971067392,
        0.20690296768269187,
        0.20690296768269187,
        0.20204060971067392,
        0.19265601435938806,
        0.1793900797293863,
        0.1631121171757923,
        0.14482581371584782,
        0.12556762505795868,
        0.1063117662848175,
        0.08789353617815039,
        0.07095851073017127,
        0.055940197699772425,
        0.04306410763378644,
        0.032372695193286914,
        0.02376370839628677,
        0.01703419134562498
      ],
      [
        0.022127383658645892,
        0.030869014100388996,
        0.04205207233334505,
        0.055940197699772445,
        0.07266621533879158,
        0.0921749767226789,
        0.11417354406016561,
        0.13809879155881596,
        0.16311211717579233,
        0.1881284693088299,
        0.21188234433269695,
        0.2330273881622625,
        0.2502598131827761,
        0.26245038552082733,
        0.2687665797063617,
        0.2687665797063617,
        0.26245038552082733,
        0.25025981318277607,
        0.2330273881622625,
        0.21188234433269695,
        0.18812846930882982,
        0.16311211717579222,
        0.13809879155881596,
        0.11417354406016561,
        0.09217497672267885,
        0.07266621533879154,
        0.0559401976997724,
        0.04205207233334499,
        0.030869014100388996,
        0.022127383658645892
      ],
      [
        0.028067941396979164,
        0.03915644488830924,
        0.0533418283915672,
        0.0709585107301713,
        0.0921749767226789,
        0.11692127206865607,
        0.14482581371584796,
        0.17517429300557863,
        0.20690296768269195,
        0.23863548140723884,
        0.2687665797063618,
        0.29558845165473846,
        0.31744728065437144,
        0.3329106664417988,
        0.34092257471737336,
        0.34092257471737336,
        0.3329106664417988,
        0.3174472806543714,
        0.2955884516547384,
        0.2687665797063618,
        0.23863548140723873,
        0.20690296768269187,
        0.17517429300557863,
        0.1448258137158479,
        0.11692127206865598,
        0.09217497672267885,
        0.07095851073017127,
        0.053341828391567134,
        0.03915644488830924,
        0.028067941396979164
      ],
      [
        0.03476666290253239,
        0.04850155915032479,
        0.06607243972990279,
        0.08789353617815039,
        0.11417354406016561,
        0.14482581371584796,
        0.17939007972938642,
        0.21698155586037587,
        0.2562826261184903,
        0.29558845165473846,
        0.33291066644179873,
        0.366133871779703,
        0.39320954963316074,
        0.4123634417337462,
        0.4222874796346124,
        0.4222874796346124,
        0.4123634417337462,
        0.3932095496331607,
        0.3661338717797029,
        0.33291066644179873,
        0.2955884516547384,
        0.25628262611849006,
        0.21698155586037587,
        0.17939007972938634,
        0.14482581371584782,
        0.11417354406016561,
        0.08789353617815035,
        0.06607243972990268,
        0.04850155915032479,
        0.03476666290253239
      ],
      [
        0.04205207233334503,
        0.058665137904878054,
        0.07991802441758272,
        0.1063117662848175,
        0.13809879155881596,
        0.17517429300557863,
        0.21698155586037587,
        0.26245038552082733,
        0.30998705747307614,
        0.35752948117954453,
        0.40267262535378096,
        0.4428578061383698,
        0.47560723529008236,
        0.4987748559023049,
        0.5107784917075604,
        0.5107784917075604,
        0.4987748559023049,
        0.47560723529008225,
        0.4428578061383697,
        0.4026726253537809,
        0.35752948117954436,
        0.30998705747307603,
        0.26245038552082733,
        0.2169815558603758,
        0.17517429300557852,
        0.13809879155881594,
        0.10631176628481745,
        0.07991802441758261,
        0.058665137904878054,
        0.04205207233334503
      ],
      [
        0.04966880935377445,
        0.0692909383207678,
        0.09439328191157091,
        0.12556762505795874,
        0.16311211717579233,
        0.20690296768269195,
        0.2562826261184903,
        0.30998705747307614,
        0.366133871779703,
        0.42228747963461244,
        0.47560723529008236,
        0.5230710099030169,
        0.5617522225692361,
        0.5891161089966979,
        0.6032939191563796,
        0.6032939191563796,
        0.5891161089966978,
        0.561752222569236,
        0.5230710099030167,
        0.47560723529008236,
        0.42228747963461233,
        0.36613387177970286,
        0.30998705747307614,
        0.2562826261184901,
        0.2069029676826918,
        0.16311211717579222,
        0.12556762505795868,
        0.09439328191157074,
        0.0692909383207678,
        0.04966880935377445
      ],
      [
        0.05728646797004761,
        0.07991802441758275,
        0.1088702908559646,
        0.1448258137158479,
        0.1881284693088299,
        0.23863548140723884,
        0.29558845165473846,
        0.35752948117954453,
        0.42228747963461244,
        0.48705331355807924,
        0.5485506700332797,
        0.6032939191563796,
        0.6479076330600647,
        0.6794682930347674,
        0.6958205406155986,
        0.6958205406155986,
        0.6794682930347674,
        0.6479076330600646,
        0.6032939191563795,
        0.5485506700332797,
        0.48705331355807907,
        0.4222874796346122,
        0.35752948117954453,
        0.2955884516547384,
        0.23863548140723867,
        0.1881284693088298,
        0.1448258137158478,
        0.10887029085596446,
        0.07991802441758275,
        0.05728646797004761
      ],
      [
        0.06451969325338014,
        0.09000880318777135,
        0.12261670197760802,
        0.1631121171757923,
        0.21188234433269695,
        0.2687665797063618,
        0.33291066644179873,
        0.40267262535378096,
        0.47560723529008236,
        0.5485506700332797,
        0.6178129359098962,
        0.6794682930347673,
        0.7297151181220607,
        0.7652607569543715,
        0.7836777066338348,
        0.7836777066338348,
        0.7652607569543715,
        0.7297151181220606,
        0.6794682930347672,
        0.617812935909896,
        0.5485506700332795,
        0.47560723529008214,
        0.40267262535378096,
        0.33291066644179856,
        0.2687665797063616,
        0.21188234433269684,
        0.1631121171757922,
        0.12261670197760781,
        0.09000880318777135,
        0.06451969325338014
      ],
      [
        0.07095851073017127,
        0.09899133589688514,
        0.13485337769364686,
        0.17939007972938634,
        0.2330273881622625,
        0.29558845165473846,
        0.366133871779703,
        0.4428578061383698,
        0.5230710099030169,
        0.6032939191563796,
        0.6794682930347673,
        0.7472766178967041,
        0.8025378830597549,
        0.8416308400672835,
        0.8618857305596335,
        0.8618857305596335,
        0.8416308400672834,
        0.8025378830597548,
        0.7472766178967039,
        0.6794682930347672,
        0.6032939191563794,
        0.5230710099030166,
        0.4428578061383698,
        0.36613387177970286,
        0.2955884516547383,
        0.2330273881622624,
        0.17939007972938623,
        0.13485337769364664,
        0.09899133589688514,
        0.07095851073017127
      ],
      [
        0.07620590772229455,
        0.1063117662848176,
        0.14482581371584796,
        0.19265601435938806,
        0.2502598131827761,
        0.31744728065437144,
        0.39320954963316074,
        0.47560723529008236,
        0.5617522225692361,
        0.6479076330600647,
        0.7297151181220607,
        0.8025378830597549,
        0.8618857305596336,
        0.9038696200698828,
        0.9256223640311353,
        0.9256223640311353,
        0.9038696200698827,
        0.8618857305596335,
        0.8025378830597548,
        0.7297151181220606,
        0.6479076330600645,
        0.5617522225692357,
        0.47560723529008236,
        0.3932095496331606,
        0.3174472806543713,
        0.250259813182776,
        0.19265601435938792,
        0.14482581371584774,
        0.1063117662848176,
        0.07620590772229455
      ],
      [
        0.07991802441758272,
        0.11149038949562662,
        0.151880520326816,
        0.20204060971067392,
        0.26245038552082733,
        0.3329106664417988,
        0.4123634417337462,
        0.4987748559023049,
        0.5891161089966979,
        0.6794682930347674,
        0.7652607569543715,
        0.8416308400672835,
        0.9038696200698828,
        0.9478986147674106,
        0.9707109711188356,
        0.9707109711188356,
        0.9478986147674106,
        0.9038696200698827,
        0.8416308400672833,
        0.7652607569543715,
        0.6794682930347672,
        0.5891161089966975,
        0.4987748559023049,
        0.41236344173374606,
        0.33291066644179856,
        0.2624503855208272,
        0.20204060971067378,
        0.1518805203268158,
        0.11149038949562662,
        0.07991802441758272
      ],
      [
        0.08184135084038072,
        0.11417354406016567,
        0.15553571350734974,
        0.20690296768269187,
        0.2687665797063617,
        0.34092257471737336,
        0.4222874796346124,
        0.5107784917075604,
        0.6032939191563796,
        0.6958205406155986,
        0.7836777066338348,
        0.8618857305596335,
        0.9256223640311353,
        0.9707109711188356,
        0.9940723351322586,
        0.9940723351322586,
        0.9707109711188355,
        0.9256223640311352,
        0.8618857305596332,
        0.7836777066338347,
        0.6958205406155984,
        0.6032939191563793,
        0.5107784917075604,
        0.4222874796346122,
        0.34092257471737314,
        0.2687665797063616,
        0.20690296768269173,
        0.15553571350734952,
        0.11417354406016567,
        0.08184135084038072
      ],
      [
        0.08184135084038072,
        0.11417354406016567,
        0.15553571350734974,
        0.20690296768269187,
        0.2687665797063617,
        0.34092257471737336,
        0.4222874796346124,
        0.5107784917075604,
        0.6032939191563796,
        0.6958205406155986,
        0.7836777066338348,
        0.8618857305596335,
        0.9256223640311353,
        0.9707109711188356,
        0.9940723351322586,
        0.9940723351322586,
        0.9707109711188355,
        0.9256223640311352,
        0.8618857305596332,
        0.7836777066338347,
        0.6958205406155984,
        0.6032939191563793,
        0.5107784917075604,
        0.4222874796346122,
        0.34092257471737314,
        0.2687665797063616,
        0.20690296768269173,
        0.15553571350734952,
        0.11417354406016567,
        0.08184135084038072
      ],
      [
        0.07991802441758272,
        0.11149038949562662,
        0.151880520326816,
        0.20204060971067392,
        0.26245038552082733,
        0.3329106664417988,
        0.4123634417337462,
        0.4987748559023049,
        0.5891161089966978,
        0.6794682930347674,
        0.7652607569543715,
        0.8416308400672834,
        0.9038696200698827,
        0.9478986147674106,
        0.9707109711188355,
        0.9707109711188355,
        0.9478986147674104,
        0.9038696200698826,
        0.8416308400672833,
        0.7652607569543713,
        0.6794682930347671,
        0.5891161089966975,
        0.4987748559023049,
        0.41236344173374606,
        0.33291066644179856,
        0.2624503855208272,
        0.20204060971067378,
        0.1518805203268158,
        0.11149038949562662,
        0.07991802441758272
      ],
      [
        0.07620590772229452,
        0.10631176628481755,
        0.1448258137158479,
        0.19265601435938806,
        0.25025981318277607,
        0.3174472806543714,
        0.3932095496331607,
        0.47560723529008225,
        0.561752222569236,
        0.6479076330600646,
        0.7297151181220606,
        0.8025378830597548,
        0.8618857305596335,
        0.9038696200698827,
        0.9256223640311352,
        0.9256223640311352,
        0.9038696200698826,
        0.8618857305596332,
        0.8025378830597546,
        0.7297151181220605,
        0.6479076330600643,
        0.5617522225692357,
        0.47560723529008225,
        0.3932095496331605,
        0.31744728065437117,
        0.25025981318277596,
        0.19265601435938792,
        0.1448258137158477,
        0.10631176628481755,
        0.07620590772229452
      ],
      [
        0.07095851073017127,
        0.09899133589688514,
        0.13485337769364686,
        0.1793900797293863,
        0.2330273881622625,
        0.2955884516547384,
        0.3661338717797029,
        0.4428578061383697,
        0.5230710099030167,
        0.6032939191563795,
        0.6794682930347672,
        0.7472766178967039,
        0.8025378830597548,
        0.8416308400672833,
        0.8618857305596332,
        0.8618857305596332,
        0.8416308400672833,
        0.8025378830597546,
        0.7472766178967037,
        0.6794682930347671,
        0.6032939191563793,
        0.5230710099030165,
        0.4428578061383697,
        0.36613387177970275,
        0.29558845165473824,
        0.23302738816226234,
        0.17939007972938617,
        0.13485337769364664,
        0.09899133589688514,
        0.07095851073017127
      ],
      [
        0.06451969325338014,
        0.09000880318777131,
        0.12261670197760796,
        0.1631121171757923,
        0.21188234433269695,
        0.2687665797063618,
        0.33291066644179873,
        0.4026726253537809,
        0.47560723529008236,
        0.5485506700332797,
        0.617812935909896,
        0.6794682930347672,
        0.7297151181220606,
        0.7652607569543715,
        0.7836777066338347,
        0.7836777066338347,
        0.7652607569543713,
        0.7297151181220605,
        0.6794682930347671,
        0.617812935909896,
        0.5485506700332795,
        0.4756072352900821,
        0.4026726253537809,
        0.33291066644179856,
        0.2687665797063616,
        0.2118823443326968,
        0.1631121171757922,
        0.12261670197760781,
        0.09000880318777131,
        0.06451969325338014
      ],
      [
        0.05728646797004761,
        0.07991802441758272,
        0.1088702908559646,
        0.14482581371584782,
        0.18812846930882982,
        0.23863548140723873,
        0.2955884516547384,
        0.35752948117954436,
        0.42228747963461233,
        0.48705331355807907,
        0.5485506700332795,
        0.6032939191563794,
        0.6479076330600645,
        0.6794682930347672,
        0.6958205406155984,
        0.6958205406155984,
        0.6794682930347671,
        0.6479076330600643,
        0.6032939191563793,
        0.5485506700332795,
        0.48705331355807885,
        0.4222874796346121,
        0.35752948117954436,
        0.2955884516547383,
        0.23863548140723856,
        0.1881284693088298,
        0.14482581371584774,
        0.10887029085596446,
        0.07991802441758272,
        0.05728646797004761
      ],
      [
        0.04966880935377445,
        0.06929093832076776,
        0.09439328191157087,
        0.12556762505795868,
        0.16311211717579222,
        0.20690296768269187,
        0.25628262611849006,
        0.30998705747307603,
        0.36613387177970286,
        0.4222874796346122,
        0.47560723529008214,
        0.5230710099030166,
        0.5617522225692357,
        0.5891161089966975,
        0.6032939191563793,
        0.6032939191563793,
        0.5891161089966975,
        0.5617522225692357,
        0.5230710099030165,
        0.4756072352900821,
        0.4222874796346121,
        0.3661338717797027,
        0.30998705747307603,
        0.25628262611849,
        0.20690296768269173,
        0.1631121171757922,
        0.12556762505795857,
        0.09439328191157074,
        0.06929093832076776,
        0.04966880935377445
      ],
      [
        0.04205207233334503,
        0.058665137904878054,
        0.07991802441758272,
        0.1063117662848175,
        0.13809879155881596,
        0.17517429300557863,
        0.21698155586037587,
        0.26245038552082733,
        0.30998705747307614,
        0.35752948117954453,
        0.40267262535378096,
        0.4428578061383698,
        0.47560723529008236,
        0.4987748559023049,
        0.5107784917075604,
        0.5107784917075604,
        0.4987748559023049,
        0.47560723529008225,
        0.4428578061383697,
        0.4026726253537809,
        0.35752948117954436,
        0.30998705747307603,
        0.26245038552082733,
        0.2169815558603758,
        0.17517429300557852,
        0.13809879155881594,
        0.10631176628481745,
        0.07991802441758261,
        0.058665137904878054,
        0.04205207233334503
      ],
      [
        0.03476666290253237,
        0.04850155915032479,
        0.06607243972990273,
        0.08789353617815039,
        0.11417354406016561,
        0.1448258137158479,
        0.17939007972938634,
        0.2169815558603758,
        0.2562826261184901,
        0.2955884516547384,
        0.33291066644179856,
        0.36613387177970286,
        0.3932095496331606,
        0.41236344173374606,
        0.4222874796346122,
        0.4222874796346122,
        0.41236344173374606,
        0.3932095496331605,
        0.36613387177970275,
        0.33291066644179856,
        0.2955884516547383,
        0.25628262611849,
        0.2169815558603758,
        0.1793900797293863,
        0.1448258137158478,
        0.11417354406016551,
        0.08789353617815031,
        0.06607243972990264,
        0.04850155915032479,
        0.03476666290253237
      ],
      [
        0.02806794139697915,
        0.0391564448883092,
        0.05334182839156718,
        0.07095851073017127,
        0.09217497672267885,
        0.11692127206865598,
        0.14482581371584782,
        0.17517429300557852,
        0.2069029676826918,
        0.23863548140723867,
        0.2687665797063616,
        0.2955884516547383,
        0.3174472806543713,
        0.33291066644179856,
        0.34092257471737314,
        0.34092257471737314,
        0.33291066644179856,
        0.31744728065437117,
        0.29558845165473824,
        0.2687665797063616,
        0.23863548140723856,
        0.20690296768269173,
        0.17517429300557852,
        0.1448258137158478,
        0.11692127206865587,
        0.09217497672267881,
        0.0709585107301712,
        0.053341828391567106,
        0.0391564448883092,
        0.02806794139697915
      ],
      [
        0.022127383658645874,
        0.030869014100388982,
        0.04205207233334501,
        0.055940197699772425,
        0.07266621533879154,
        0.09217497672267885,
        0.11417354406016561,
        0.13809879155881594,
        0.16311211717579222,
        0.1881284693088298,
        0.21188234433269684,
        0.2330273881622624,
        0.250259813182776,
        0.2624503855208272,
        0.2687665797063616,
        0.2687665797063616,
        0.2624503855208272,
        0.25025981318277596,
        0.23302738816226234,
        0.2118823443326968,
        0.1881284693088298,
        0.1631121171757922,
        0.13809879155881594,
        0.11417354406016551,
        0.09217497672267881,
        0.07266621533879149,
        0.05594019769977237,
        0.04205207233334495,
        0.030869014100388982,
        0.022127383658645874
      ],
      [
        0.01703419134562498,
        0.02376370839628676,
        0.03237269519328693,
        0.04306410763378644,
        0.0559401976997724,
        0.07095851073017127,
        0.08789353617815035,
        0.10631176628481745,
        0.12556762505795868,
        0.1448258137158478,
        0.1631121171757922,
        0.17939007972938623,
        0.19265601435938792,
        0.20204060971067378,
        0.20690296768269173,
        0.20690296768269173,
        0.20204060971067378,
        0.19265601435938792,
        0.17939007972938617,
        0.1631121171757922,
        0.14482581371584774,
        0.12556762505795857,
        0.10631176628481745,
        0.08789353617815031,
        0.0709585107301712,
        0.05594019769977237,
        0.04306410763378642,
        0.032372695193286886,
        0.02376370839628676,
        0.01703419134562498
      ],
      [
        0.012805157580077248,
        0.01786395517857159,
        0.024335611525716325,
        0.032372695193286914,
        0.04205207233334499,
        0.053341828391567134,
        0.06607243972990268,
        0.07991802441758261,
        0.09439328191157074,
        0.10887029085596446,
        0.12261670197760781,
        0.13485337769364664,
        0.14482581371584774,
        0.1518805203268158,
        0.15553571350734952,
        0.15553571350734952,
        0.1518805203268158,
        0.1448258137158477,
        0.13485337769364664,
        0.12261670197760781,
        0.10887029085596446,
        0.09439328191157074,
        0.07991802441758261,
        0.06607243972990264,
        0.053341828391567106,
        0.04205207233334495,
        0.032372695193286886,
        0.024335611525716293,
        0.01786395517857159,
        0.012805157580077248
      ],
      [
        0.009399836154654156,
        0.013113329586346688,
        0.01786395517857162,
        0.02376370839628677,
        0.030869014100388996,
        0.03915644488830924,
        0.04850155915032479,
        0.058665137904878054,
        0.0692909383207678,
        0.07991802441758275,
        0.09000880318777135,
        0.09899133589688514,
        0.1063117662848176,
        0.11149038949562662,
        0.11417354406016567,
        0.11417354406016567,
        0.11149038949562662,
        0.10631176628481755,
        0.09899133589688514,
        0.09000880318777131,
        0.07991802441758272,
        0.06929093832076776,
        0.058665137904878054,
        0.04850155915032479,
        0.0391564448883092,
        0.030869014100388982,
        0.02376370839628676,
        0.01786395517857159,
        0.013113329586346688,
        0.009399836154654156
      ],
      [
        0.006737946999085467,
        0.009399836154654156,
        0.01280515758007727,
        0.01703419134562498,
        0.022127383658645892,
        0.028067941396979164,
        0.03476666290253239,
        0.04205207233334503,
        0.04966880935377445,
        0.05728646797004761,
        0.06451969325338014,
        0.07095851073017127,
        0.07620590772229455,
        0.07991802441758272,
        0.08184135084038072,
        0.08184135084038072,
        0.07991802441758272,
        0.07620590772229452,
        0.07095851073017127,
        0.06451969325338014,
        0.05728646797004761,
        0.04966880935377445,
        0.04205207233334503,
        0.03476666290253237,
        0.02806794139697915,
        0.022127383658645874,
        0.01703419134562498,
        0.012805157580077248,
        0.009399836154654156,
        0.006737946999085467
      ]
    ],
    "function": "gaussian"
  },
  "generated_at": "2025-12-01T15:33:09.609469",
  "png_file": "chart_045.png",
  "metadata": {
    "generated": "random",
    "function_type": "gaussian"
  }
}