{
  "filename_root": "chart_083",
  "chart_type": "wireframe3d",
  "title": "Saddle Point Wireframe",
  "xlabel": "X Axis",
  "ylabel": "Y Axis",
  "data": {
    "x": [
      -5.0,
      -4.655172413793103,
      -4.310344827586206,
      -3.9655172413793105,
      -3.6206896551724137,
      -3.275862068965517,
      -2.9310344827586206,
      -2.586206896551724,
      -2.2413793103448274,
      -1.8965517241379306,
      -1.5517241379310343,
      -1.206896551724138,
      -0.8620689655172411,
      -0.5172413793103443,
      -0.1724137931034484,
      0.1724137931034484,
      0.5172413793103452,
      0.862068965517242,
      1.2068965517241388,
      1.5517241379310347,
      1.8965517241379315,
      2.2413793103448283,
      2.586206896551724,
      2.931034482758621,
      3.275862068965518,
      3.6206896551724146,
      3.9655172413793114,
      4.310344827586208,
      4.655172413793103,
      5.0
    ],
    "y": [
      -5.0,
      -4.655172413793103,
      -4.310344827586206,
      -3.9655172413793105,
      -3.6206896551724137,
      -3.275862068965517,
      -2.9310344827586206,
      -2.586206896551724,
      -2.2413793103448274,
      -1.8965517241379306,
      -1.5517241379310343,
      -1.206896551724138,
      -0.8620689655172411,
      -0.5172413793103443,
      -0.1724137931034484,
      0.1724137931034484,
      0.5172413793103452,
      0.862068965517242,
      1.2068965517241388,
      1.5517241379310347,
      1.8965517241379315,
      2.2413793103448283,
      2.586206896551724,
      2.931034482758621,
      3.275862068965518,
      3.6206896551724146,
      3.9655172413793114,
      4.310344827586208,
      4.655172413793103,
      5.0
    ],
    "z": [
      [
        0.0,
        -3.3293697978596946,
        -6.420927467300835,
        -9.274673008323424,
        -11.890606420927467,
        -14.268727705112964,
        -16.409036860879908,
        -18.3115338882283,
        -19.976218787158146,
        -21.40309155766944,
        -22.59215219976219,
        -23.543400713436384,
        -24.256837098692035,
        -24.732461355529132,
        -24.970273483947683,
        -24.970273483947683,
        -24.732461355529132,
        -24.25683709869203,
        -23.543400713436384,
        -22.592152199762186,
        -21.40309155766944,
        -19.976218787158142,
        -18.3115338882283,
        -16.4090368608799,
        -14.268727705112957,
        -11.890606420927462,
        -9.274673008323417,
        -6.420927467300821,
        -3.3293697978596946,
        0.0
      ],
      [
        3.3293697978596946,
        0.0,
        -3.0915576694411406,
        -5.945303210463729,
        -8.561236623067773,
        -10.93935790725327,
        -13.079667063020212,
        -14.982164090368606,
        -16.64684898929845,
        -18.07372175980975,
        -19.262782401902495,
        -20.21403091557669,
        -20.92746730083234,
        -21.403091557669438,
        -21.640903686087988,
        -21.640903686087988,
        -21.403091557669438,
        -20.927467300832337,
        -20.21403091557669,
        -19.26278240190249,
        -18.073721759809743,
        -16.646848989298448,
        -14.982164090368606,
        -13.079667063020208,
        -10.939357907253262,
        -8.561236623067767,
        -5.945303210463722,
        -3.0915576694411264,
        0.0,
        3.3293697978596946
      ],
      [
        6.420927467300835,
        3.0915576694411406,
        0.0,
        -2.8537455410225885,
        -5.469678953626632,
        -7.8478002378121285,
        -9.988109393579071,
        -11.890606420927465,
        -13.55529131985731,
        -14.982164090368608,
        -16.171224732461354,
        -17.12247324613555,
        -17.8359096313912,
        -18.311533888228297,
        -18.549346016646847,
        -18.549346016646847,
        -18.311533888228297,
        -17.835909631391196,
        -17.12247324613555,
        -16.17122473246135,
        -14.982164090368604,
        -13.555291319857307,
        -11.890606420927465,
        -9.988109393579068,
        -7.847800237812121,
        -5.469678953626627,
        -2.8537455410225814,
        1.4210854715202004e-14,
        3.0915576694411406,
        6.420927467300835
      ],
      [
        9.274673008323424,
        5.945303210463729,
        2.8537455410225885,
        0.0,
        -2.6159334126040434,
        -4.99405469678954,
        -7.134363852556483,
        -9.036860879904875,
        -10.701545778834722,
        -12.12841854934602,
        -13.317479191438764,
        -14.268727705112962,
        -14.98216409036861,
        -15.457788347205708,
        -15.695600475624257,
        -15.695600475624257,
        -15.457788347205708,
        -14.982164090368608,
        -14.26872770511296,
        -13.317479191438764,
        -12.128418549346016,
        -10.701545778834717,
        -9.036860879904875,
        -7.134363852556479,
        -4.994054696789533,
        -2.615933412604038,
        7.105427357601002e-15,
        2.8537455410226027,
        5.945303210463729,
        9.274673008323424
      ],
      [
        11.890606420927467,
        8.561236623067773,
        5.469678953626632,
        2.6159334126040434,
        0.0,
        -2.3781212841854966,
        -4.518430439952439,
        -6.4209274673008325,
        -8.085612366230679,
        -9.512485136741976,
        -10.70154577883472,
        -11.652794292508919,
        -12.366230677764566,
        -12.841854934601665,
        -13.079667063020214,
        -13.079667063020214,
        -12.841854934601665,
        -12.366230677764564,
        -11.652794292508917,
        -10.70154577883472,
        -9.512485136741972,
        -8.085612366230674,
        -6.4209274673008325,
        -4.518430439952436,
        -2.3781212841854895,
        5.329070518200751e-15,
        2.6159334126040505,
        5.469678953626646,
        8.561236623067773,
        11.890606420927467
      ],
      [
        14.268727705112964,
        10.93935790725327,
        7.8478002378121285,
        4.99405469678954,
        2.3781212841854966,
        0.0,
        -2.1403091557669427,
        -4.042806183115336,
        -5.707491082045182,
        -7.134363852556479,
        -8.323424494649224,
        -9.274673008323422,
        -9.98810939357907,
        -10.463733650416168,
        -10.701545778834717,
        -10.701545778834717,
        -10.463733650416168,
        -9.988109393579068,
        -9.27467300832342,
        -8.323424494649224,
        -7.134363852556476,
        -5.707491082045178,
        -4.042806183115336,
        -2.140309155766939,
        7.105427357601002e-15,
        2.378121284185502,
        4.994054696789547,
        7.847800237812143,
        10.93935790725327,
        14.268727705112964
      ],
      [
        16.409036860879908,
        13.079667063020212,
        9.988109393579071,
        7.134363852556483,
        4.518430439952439,
        2.1403091557669427,
        0.0,
        -1.9024970273483932,
        -3.5671819262782396,
        -4.9940546967895365,
        -6.183115338882282,
        -7.134363852556479,
        -7.847800237812128,
        -8.323424494649226,
        -8.561236623067774,
        -8.561236623067774,
        -8.323424494649226,
        -7.847800237812126,
        -7.1343638525564765,
        -6.183115338882281,
        -4.994054696789533,
        -3.567181926278235,
        -1.9024970273483932,
        3.552713678800501e-15,
        2.14030915576695,
        4.518430439952445,
        7.13436385255649,
        9.988109393579085,
        13.079667063020212,
        16.409036860879908
      ],
      [
        18.3115338882283,
        14.982164090368606,
        11.890606420927465,
        9.036860879904875,
        6.4209274673008325,
        4.042806183115336,
        1.9024970273483932,
        0.0,
        -1.6646848989298464,
        -3.0915576694411433,
        -4.280618311533889,
        -5.231866825208086,
        -5.9453032104637344,
        -6.4209274673008325,
        -6.658739595719382,
        -6.658739595719382,
        -6.420927467300832,
        -5.945303210463733,
        -5.231866825208083,
        -4.280618311533887,
        -3.0915576694411397,
        -1.664684898929842,
        0.0,
        1.9024970273483968,
        4.042806183115343,
        6.420927467300838,
        9.036860879904882,
        11.89060642092748,
        14.982164090368606,
        18.3115338882283
      ],
      [
        19.976218787158146,
        16.64684898929845,
        13.55529131985731,
        10.701545778834722,
        8.085612366230679,
        5.707491082045182,
        3.5671819262782396,
        1.6646848989298464,
        0.0,
        -1.426872770511297,
        -2.6159334126040426,
        -3.5671819262782396,
        -4.280618311533888,
        -4.756242568370986,
        -4.994054696789536,
        -4.994054696789536,
        -4.756242568370985,
        -4.280618311533886,
        -3.567181926278237,
        -2.615933412604041,
        -1.4268727705112934,
        4.440892098500626e-15,
        1.6646848989298464,
        3.567181926278243,
        5.707491082045189,
        8.085612366230684,
        10.70154577883473,
        13.555291319857325,
        16.64684898929845,
        19.976218787158146
      ],
      [
        21.40309155766944,
        18.07372175980975,
        14.982164090368608,
        12.12841854934602,
        9.512485136741976,
        7.134363852556479,
        4.9940546967895365,
        3.0915576694411433,
        1.426872770511297,
        0.0,
        -1.1890606420927456,
        -2.1403091557669427,
        -2.8537455410225907,
        -3.3293697978596897,
        -3.5671819262782383,
        -3.5671819262782383,
        -3.329369797859689,
        -2.8537455410225894,
        -2.14030915576694,
        -1.1890606420927443,
        3.552713678800501e-15,
        1.4268727705113013,
        3.0915576694411433,
        4.99405469678954,
        7.134363852556486,
        9.512485136741981,
        12.128418549346026,
        14.982164090368622,
        18.07372175980975,
        21.40309155766944
      ],
      [
        22.59215219976219,
        19.262782401902495,
        16.171224732461354,
        13.317479191438764,
        10.70154577883472,
        8.323424494649224,
        6.183115338882282,
        4.280618311533889,
        2.6159334126040426,
        1.1890606420927456,
        0.0,
        -0.9512485136741968,
        -1.664684898929845,
        -2.140309155766944,
        -2.3781212841854926,
        -2.3781212841854926,
        -2.140309155766943,
        -1.6646848989298437,
        -0.9512485136741946,
        1.3322676295501878e-15,
        1.1890606420927492,
        2.615933412604047,
        4.280618311533889,
        6.183115338882286,
        8.323424494649231,
        10.701545778834728,
        13.317479191438771,
        16.17122473246137,
        19.262782401902495,
        22.59215219976219
      ],
      [
        23.543400713436384,
        20.21403091557669,
        17.12247324613555,
        14.268727705112962,
        11.652794292508919,
        9.274673008323422,
        7.134363852556479,
        5.231866825208086,
        3.5671819262782396,
        2.1403091557669427,
        0.9512485136741968,
        0.0,
        -0.7134363852556483,
        -1.1890606420927472,
        -1.4268727705112958,
        -1.4268727705112958,
        -1.189060642092746,
        -0.7134363852556468,
        2.220446049250313e-15,
        0.9512485136741982,
        2.1403091557669462,
        3.567181926278244,
        5.231866825208086,
        7.134363852556483,
        9.274673008323429,
        11.652794292508924,
        14.268727705112969,
        17.122473246135563,
        20.21403091557669,
        23.543400713436384
      ],
      [
        24.256837098692035,
        20.92746730083234,
        17.8359096313912,
        14.98216409036861,
        12.366230677764566,
        9.98810939357907,
        7.847800237812128,
        5.9453032104637344,
        4.280618311533888,
        2.8537455410225907,
        1.664684898929845,
        0.7134363852556483,
        0.0,
        -0.4756242568370988,
        -0.7134363852556476,
        -0.7134363852556476,
        -0.47562425683709786,
        1.5543122344752192e-15,
        0.7134363852556506,
        1.6646848989298464,
        2.8537455410225943,
        4.2806183115338925,
        5.9453032104637344,
        7.847800237812131,
        9.988109393579077,
        12.366230677764571,
        14.982164090368617,
        17.835909631391214,
        20.92746730083234,
        24.256837098692035
      ],
      [
        24.732461355529132,
        21.403091557669438,
        18.311533888228297,
        15.457788347205708,
        12.841854934601665,
        10.463733650416168,
        8.323424494649226,
        6.4209274673008325,
        4.756242568370986,
        3.3293697978596897,
        2.140309155766944,
        1.1890606420927472,
        0.4756242568370988,
        0.0,
        -0.23781212841854873,
        -0.23781212841854873,
        9.43689570931383e-16,
        0.47562425683710036,
        1.1890606420927494,
        2.1403091557669454,
        3.3293697978596932,
        4.756242568370991,
        6.4209274673008325,
        8.32342449464923,
        10.463733650416176,
        12.84185493460167,
        15.457788347205716,
        18.31153388822831,
        21.403091557669438,
        24.732461355529132
      ],
      [
        24.970273483947683,
        21.640903686087988,
        18.549346016646847,
        15.695600475624257,
        13.079667063020214,
        10.701545778834717,
        8.561236623067774,
        6.658739595719382,
        4.994054696789536,
        3.5671819262782383,
        2.3781212841854926,
        1.4268727705112958,
        0.7134363852556476,
        0.23781212841854873,
        0.0,
        0.0,
        0.23781212841854968,
        0.7134363852556491,
        1.426872770511298,
        2.378121284185494,
        3.567181926278242,
        4.99405469678954,
        6.658739595719382,
        8.561236623067778,
        10.701545778834724,
        13.079667063020219,
        15.695600475624264,
        18.54934601664686,
        21.640903686087988,
        24.970273483947683
      ],
      [
        24.970273483947683,
        21.640903686087988,
        18.549346016646847,
        15.695600475624257,
        13.079667063020214,
        10.701545778834717,
        8.561236623067774,
        6.658739595719382,
        4.994054696789536,
        3.5671819262782383,
        2.3781212841854926,
        1.4268727705112958,
        0.7134363852556476,
        0.23781212841854873,
        0.0,
        0.0,
        0.23781212841854968,
        0.7134363852556491,
        1.426872770511298,
        2.378121284185494,
        3.567181926278242,
        4.99405469678954,
        6.658739595719382,
        8.561236623067778,
        10.701545778834724,
        13.079667063020219,
        15.695600475624264,
        18.54934601664686,
        21.640903686087988,
        24.970273483947683
      ],
      [
        24.732461355529132,
        21.403091557669438,
        18.311533888228297,
        15.457788347205708,
        12.841854934601665,
        10.463733650416168,
        8.323424494649226,
        6.420927467300832,
        4.756242568370985,
        3.329369797859689,
        2.140309155766943,
        1.189060642092746,
        0.47562425683709786,
        -9.43689570931383e-16,
        -0.23781212841854968,
        -0.23781212841854968,
        0.0,
        0.4756242568370994,
        1.1890606420927483,
        2.1403091557669445,
        3.3293697978596923,
        4.75624256837099,
        6.420927467300832,
        8.32342449464923,
        10.463733650416176,
        12.84185493460167,
        15.457788347205716,
        18.31153388822831,
        21.403091557669438,
        24.732461355529132
      ],
      [
        24.25683709869203,
        20.927467300832337,
        17.835909631391196,
        14.982164090368608,
        12.366230677764564,
        9.988109393579068,
        7.847800237812126,
        5.945303210463733,
        4.280618311533886,
        2.8537455410225894,
        1.6646848989298437,
        0.7134363852556468,
        -1.5543122344752192e-15,
        -0.47562425683710036,
        -0.7134363852556491,
        -0.7134363852556491,
        -0.4756242568370994,
        0.0,
        0.713436385255649,
        1.664684898929845,
        2.853745541022593,
        4.280618311533891,
        5.945303210463733,
        7.847800237812129,
        9.988109393579075,
        12.36623067776457,
        14.982164090368615,
        17.83590963139121,
        20.927467300832337,
        24.25683709869203
      ],
      [
        23.543400713436384,
        20.21403091557669,
        17.12247324613555,
        14.26872770511296,
        11.652794292508917,
        9.27467300832342,
        7.1343638525564765,
        5.231866825208083,
        3.567181926278237,
        2.14030915576694,
        0.9512485136741946,
        -2.220446049250313e-15,
        -0.7134363852556506,
        -1.1890606420927494,
        -1.426872770511298,
        -1.426872770511298,
        -1.1890606420927483,
        -0.713436385255649,
        0.0,
        0.9512485136741959,
        2.1403091557669436,
        3.5671819262782414,
        5.231866825208083,
        7.13436385255648,
        9.274673008323427,
        11.652794292508922,
        14.268727705112967,
        17.122473246135563,
        20.21403091557669,
        23.543400713436384
      ],
      [
        22.592152199762186,
        19.26278240190249,
        16.17122473246135,
        13.317479191438764,
        10.70154577883472,
        8.323424494649224,
        6.183115338882281,
        4.280618311533887,
        2.615933412604041,
        1.1890606420927443,
        -1.3322676295501878e-15,
        -0.9512485136741982,
        -1.6646848989298464,
        -2.1403091557669454,
        -2.378121284185494,
        -2.378121284185494,
        -2.1403091557669445,
        -1.664684898929845,
        -0.9512485136741959,
        0.0,
        1.1890606420927479,
        2.6159334126040457,
        4.280618311533887,
        6.183115338882285,
        8.323424494649231,
        10.701545778834726,
        13.317479191438771,
        16.171224732461365,
        19.26278240190249,
        22.592152199762186
      ],
      [
        21.40309155766944,
        18.073721759809743,
        14.982164090368604,
        12.128418549346016,
        9.512485136741972,
        7.134363852556476,
        4.994054696789533,
        3.0915576694411397,
        1.4268727705112934,
        -3.552713678800501e-15,
        -1.1890606420927492,
        -2.1403091557669462,
        -2.8537455410225943,
        -3.3293697978596932,
        -3.567181926278242,
        -3.567181926278242,
        -3.3293697978596923,
        -2.853745541022593,
        -2.1403091557669436,
        -1.1890606420927479,
        0.0,
        1.4268727705112978,
        3.0915576694411397,
        4.9940546967895365,
        7.134363852556483,
        9.512485136741978,
        12.128418549346023,
        14.982164090368618,
        18.073721759809743,
        21.40309155766944
      ],
      [
        19.976218787158142,
        16.646848989298448,
        13.555291319857307,
        10.701545778834717,
        8.085612366230674,
        5.707491082045178,
        3.567181926278235,
        1.664684898929842,
        -4.440892098500626e-15,
        -1.4268727705113013,
        -2.615933412604047,
        -3.567181926278244,
        -4.2806183115338925,
        -4.756242568370991,
        -4.99405469678954,
        -4.99405469678954,
        -4.75624256837099,
        -4.280618311533891,
        -3.5671819262782414,
        -2.6159334126040457,
        -1.4268727705112978,
        0.0,
        1.664684898929842,
        3.5671819262782387,
        5.707491082045185,
        8.08561236623068,
        10.701545778834724,
        13.555291319857321,
        16.646848989298448,
        19.976218787158142
      ],
      [
        18.3115338882283,
        14.982164090368606,
        11.890606420927465,
        9.036860879904875,
        6.4209274673008325,
        4.042806183115336,
        1.9024970273483932,
        0.0,
        -1.6646848989298464,
        -3.0915576694411433,
        -4.280618311533889,
        -5.231866825208086,
        -5.9453032104637344,
        -6.4209274673008325,
        -6.658739595719382,
        -6.658739595719382,
        -6.420927467300832,
        -5.945303210463733,
        -5.231866825208083,
        -4.280618311533887,
        -3.0915576694411397,
        -1.664684898929842,
        0.0,
        1.9024970273483968,
        4.042806183115343,
        6.420927467300838,
        9.036860879904882,
        11.89060642092748,
        14.982164090368606,
        18.3115338882283
      ],
      [
        16.4090368608799,
        13.079667063020208,
        9.988109393579068,
        7.134363852556479,
        4.518430439952436,
        2.140309155766939,
        -3.552713678800501e-15,
        -1.9024970273483968,
        -3.567181926278243,
        -4.99405469678954,
        -6.183115338882286,
        -7.134363852556483,
        -7.847800237812131,
        -8.32342449464923,
        -8.561236623067778,
        -8.561236623067778,
        -8.32342449464923,
        -7.847800237812129,
        -7.13436385255648,
        -6.183115338882285,
        -4.9940546967895365,
        -3.5671819262782387,
        -1.9024970273483968,
        0.0,
        2.1403091557669462,
        4.518430439952441,
        7.134363852556486,
        9.988109393579082,
        13.079667063020208,
        16.4090368608799
      ],
      [
        14.268727705112957,
        10.939357907253262,
        7.847800237812121,
        4.994054696789533,
        2.3781212841854895,
        -7.105427357601002e-15,
        -2.14030915576695,
        -4.042806183115343,
        -5.707491082045189,
        -7.134363852556486,
        -8.323424494649231,
        -9.274673008323429,
        -9.988109393579077,
        -10.463733650416176,
        -10.701545778834724,
        -10.701545778834724,
        -10.463733650416176,
        -9.988109393579075,
        -9.274673008323427,
        -8.323424494649231,
        -7.134363852556483,
        -5.707491082045185,
        -4.042806183115343,
        -2.1403091557669462,
        0.0,
        2.378121284185495,
        4.99405469678954,
        7.847800237812136,
        10.939357907253262,
        14.268727705112957
      ],
      [
        11.890606420927462,
        8.561236623067767,
        5.469678953626627,
        2.615933412604038,
        -5.329070518200751e-15,
        -2.378121284185502,
        -4.518430439952445,
        -6.420927467300838,
        -8.085612366230684,
        -9.512485136741981,
        -10.701545778834728,
        -11.652794292508924,
        -12.366230677764571,
        -12.84185493460167,
        -13.079667063020219,
        -13.079667063020219,
        -12.84185493460167,
        -12.36623067776457,
        -11.652794292508922,
        -10.701545778834726,
        -9.512485136741978,
        -8.08561236623068,
        -6.420927467300838,
        -4.518430439952441,
        -2.378121284185495,
        0.0,
        2.615933412604045,
        5.469678953626641,
        8.561236623067767,
        11.890606420927462
      ],
      [
        9.274673008323417,
        5.945303210463722,
        2.8537455410225814,
        -7.105427357601002e-15,
        -2.6159334126040505,
        -4.994054696789547,
        -7.13436385255649,
        -9.036860879904882,
        -10.70154577883473,
        -12.128418549346026,
        -13.317479191438771,
        -14.268727705112969,
        -14.982164090368617,
        -15.457788347205716,
        -15.695600475624264,
        -15.695600475624264,
        -15.457788347205716,
        -14.982164090368615,
        -14.268727705112967,
        -13.317479191438771,
        -12.128418549346023,
        -10.701545778834724,
        -9.036860879904882,
        -7.134363852556486,
        -4.99405469678954,
        -2.615933412604045,
        0.0,
        2.8537455410225956,
        5.945303210463722,
        9.274673008323417
      ],
      [
        6.420927467300821,
        3.0915576694411264,
        -1.4210854715202004e-14,
        -2.8537455410226027,
        -5.469678953626646,
        -7.847800237812143,
        -9.988109393579085,
        -11.89060642092748,
        -13.555291319857325,
        -14.982164090368622,
        -16.17122473246137,
        -17.122473246135563,
        -17.835909631391214,
        -18.31153388822831,
        -18.54934601664686,
        -18.54934601664686,
        -18.31153388822831,
        -17.83590963139121,
        -17.122473246135563,
        -16.171224732461365,
        -14.982164090368618,
        -13.555291319857321,
        -11.89060642092748,
        -9.988109393579082,
        -7.847800237812136,
        -5.469678953626641,
        -2.8537455410225956,
        0.0,
        3.0915576694411264,
        6.420927467300821
      ],
      [
        3.3293697978596946,
        0.0,
        -3.0915576694411406,
        -5.945303210463729,
        -8.561236623067773,
        -10.93935790725327,
        -13.079667063020212,
        -14.982164090368606,
        -16.64684898929845,
        -18.07372175980975,
        -19.262782401902495,
        -20.21403091557669,
        -20.92746730083234,
        -21.403091557669438,
        -21.640903686087988,
        -21.640903686087988,
        -21.403091557669438,
        -20.927467300832337,
        -20.21403091557669,
        -19.26278240190249,
        -18.073721759809743,
        -16.646848989298448,
        -14.982164090368606,
        -13.079667063020208,
        -10.939357907253262,
        -8.561236623067767,
        -5.945303210463722,
        -3.0915576694411264,
        0.0,
        3.3293697978596946
      ],
      [
        0.0,
        -3.3293697978596946,
        -6.420927467300835,
        -9.274673008323424,
        -11.890606420927467,
        -14.268727705112964,
        -16.409036860879908,
        -18.3115338882283,
        -19.976218787158146,
        -21.40309155766944,
        -22.59215219976219,
        -23.543400713436384,
        -24.256837098692035,
        -24.732461355529132,
        -24.970273483947683,
        -24.970273483947683,
        -24.732461355529132,
        -24.25683709869203,
        -23.543400713436384,
        -22.592152199762186,
        -21.40309155766944,
        -19.976218787158142,
        -18.3115338882283,
        -16.4090368608799,
        -14.268727705112957,
        -11.890606420927462,
        -9.274673008323417,
        -6.420927467300821,
        -3.3293697978596946,
        0.0
      ]
    ],
    "function": "saddle"
  },
  "generated_at": "2025-12-01T15:33:19.806450",
  "png_file": "chart_083.png",
  "metadata": {
    "generated": "random",
    "function_type": "saddle"
  }
}